( 72 72 72 79 76  74 72 72  74 76 74 74 ) ( 76 79 79 77 76 74 74 72 72 ) ( 72 72 72 79 76  74 72 72  74 76 74 74 ) ( 76 79 79 77 76 74 74 72 72 ) ( 76 76 77 79 79  77 76 74 74 ) ( 72 76 76 77 79 79 77 76 76 76 72 72 ) ( 76 79 79 77 76 76 74 72  74 76 74 74 ) ( 76 79 79 77 76 74 74 72 72 )  
( 72 72 72 72 74 70 69 67 ) ( 74 76 74 72  71  69 71 69 67 ) ( 72 72 72 72 74 70 69 67 ) ( 74 76 74 72  71  69 71 69 67 ) ( 79 77 76 74 72  72  74 76 74 ) ( 76 77 76 74 73 74 74 74 ) ( 67 72 74 76 77 79  77  76 74 ) ( 77 76 74 79  77  76  74  72  74 76 74 72 72 72 )  
( 67 67 67 67 70 69 67 65 ) ( 67 64  60  62 64 66 67 69 67 ) ( 67 67 67 67 70 69 67 65 ) ( 67 64  60  62 64 66 67 69 67 ) ( 67 72 71 69 71  72  71 69 67 ) ( 67 72 67 69  64  65 67 65 64 ) ( 64 62 65 64 62 57 59 60 )  
( 79 81  79  77  76  77 79  77  76 77 76 ) ( 74 76 77 79  77  76  74  72 74 72 ) ( 79 81  79  77  76  77 79  77  76 77 76 ) ( 74 76 77 79  77  76  74  72 74 72 ) ( 72 74 76  77  76 74 76 74 72 ) (  72  74 76 77 79 81 76 78 79 ) (  76  77 79 81  79  77 76 77 77 76 ) ( 81 81 81 74 79 77 76 74 ) ( 77 76 74 72  74  72 70 69 67 67 ) ( 72 74 76  77 79  77  76 74  76  77 74 74 72 )  
( 60 64 62 64 65 67 67 64 ) ( 69 67 65 64 62 64 64 ) ( 67 69 71 72 71 69 69 67 ) ( 64 65 64 62 62 60 60 60 )  
( 72 72 74  76  78 79 79 78 79 ) ( 76 77 76 74 76 74 74 72 ) ( 72 72 74  76  78 79 79 78 79 ) ( 76 77 76 74 76 74 74 72 ) ( 74 74 76 77 77  76  74 76 74 ) ( 76 76 76  77  79 81 81 80 81 ) ( 83 84 76 77 76 74 74 74 ) ( 79 81 79 77  76  77 74 74 72 )  
(  79 81  79  77  79  67  67  72  72  76  76  79 81  79  77 79  79 81  79  77  79  67  67  72  72  76  76  79 81  79  77 79 ) (  79 81  79  77  79  67  67  72  72  76  76  79 81  79  77 79  79 81  79  77  79  67  67  72  72  76  76  79 81  79  77 79  79 81  79  77  79  67  67  72  72  76  76  79 81  79  77 79 )  
( 72  72  74 76 77 79 81 79 79 ) ( 81 83 84 79 76 78 79 79 ) ( 77 74 76 77 76 74 72 72 ) ( 71 72 74 76 74  74  72 71 69 67 67 67 67 ) ( 72  72  74 76 77 79 81 79 79 ) ( 72 74 76 77 76 74 72 72 )  
( 65 65 65 64 68 67 65 64 ) ( 64 64 64 65 62 64 64 65 ) ( 67 67 70 67 63 65 67 68 ) ( 68 67 65 64 ) ( 64 64 64 65 62 64 64 65 )  
( 79 79 79  74  76 78  79  78 76 74 ) ( 79 78 76 74 76  72  71 69 67 ) ( 79 79 79  74  76 78  79  78 76 74 ) ( 79 78 76 74 76  72  71 69 67 ) ( 67 74 76 74 73 74 74 ) ( 67 74 76 78 79 ) ( 78  79  78 76 74 ) ( 76 76 74  76  74 72 71 ) ( 79 78 76 74  76  74 72 71 69 69 67 )  
( 60 67 67 69 71 72 72 72 ) ( 76 74 72 72 71 72 72 72 ) ( 60 67 67 69 71 72 72 72 ) ( 76 74 72 72 71 72 72 72 ) (  72  74 76 76 74  74  72  71  69 71 67 ) ( 71 72 71 69 69 67 67 67 ) ( 67  64  65 67 69 67 67  65  64 64 ) ( 67 65 64 62 62 60 60 60 )  
(  60  62 64 65 67 67 69 71 72 ) (  60  62 64 65 67 67 65 64 62 ) ( 64 60 60 65 64 62 62 60 ) (  60  62 64 65 67 67 69 71 72 ) (  60  62 64 65 67 67 65 64 62 ) ( 64 60 60 65 64 62 62 60 ) ( 67 62 64 65 65 64 64 62 ) ( 67 69 71 72 64 62 62 60 )  
( 72 72  71  69 67 72 74 76 72 ) ( 67 72 74 76 77  74  72 74 72 ) ( 72 72  71  69 67 72 74 76 72 ) ( 67 72 74 76 77  74  72 74 72 ) ( 72 69 71  72  71 69 67 66 67 ) ( 67 72 74 76 77 76 74 76 ) ( 74 76 77  79  77 76  74  72 74 72 )  
( 72 74 76 74 72 71 69 67 ) ( 72 74 76 77 76 74 72 72 ) ( 72 74 76 74 72 71 69 67 ) ( 72 74 76 77 76 74 72 72 ) ( 76 77 79 77 76 74 76 76 ) ( 79 79 81 79 77 76 74 74 ) ( 76 79 77  76  74 72 74 76 76 72 72 ) (  76  77 79 77 76 74 76 74 74 72 72 )  
( 79 79 79 81 81 79 79 ) ( 76 77 76 74  76  77 74 74 72 ) ( 79 79 81 81 79 79 ) ( 76 77 76 74  76  77 74 74 72 ) ( 74 74 74 76 76 74 74 ) ( 74  76  78 79 79 78 79 79 ) ( 79 81 79 77 76 77 77 ) ( 76 74  76  77 74  74  72 72 72 72 )  
( 64 67 67 69 71 72 71 69 ) ( 67 72 71 72 69 67 65 64 ) ( 64 67 67 69 71 72 71 69 ) ( 67 72 71 72 69 67 65 64 ) ( 64 69 69 67 72 71 69 67 ) ( 67 72 67 69 64  69  67 65 64 ) ( 64 69 69  67  65 64 65 62 60 ) ( 60 67 67 69 71 72 67 69 67 65  65 64 )  
( 77 76 74 72 ) ( 72 74 76 77 ) ( 79 77 76 74  76  77 74 74 72 ) ( 77 76 77 79 ) ( 79 81  79  77 79 ) ( 72 74 76  77  79  81  82 79 79 77 )  
( 69 72 74 72 77 77 76 77 ) ( 77 76 74 79  77 76 77 76 76 74 74 74 ) ( 69 72 74 72 77 77 76 77 ) ( 77 76 74 79  77 76 77 76 76 74 74 74 ) ( 74 74 74 76  74 76 72 72 71 72 ) ( 72 74 76 77 76 74 74 76 ) (  69  71 72 74 72 77 77 76 77 ) ( 77 76 74 79  77 76 77 76 76 74 )  
( 76 72 74 76 79 77 77 76 ) ( 79 77 76 74 74 76 76 76 ) ( 76 72 74 76 79 77 77 76 ) ( 79 77 76 74 74 76 76 76 ) ( 74 74 74 76 74 72 74 71 ) ( 71 72 74 76  74  76 77 76 74 74 72 72 72  ) 
(  67  67 72 67 69 67 65  65  67  65 64 62  67  65 64  69  67  66  62 67 67 66 67 67  67  67 72 67 69 67 65  65  67  65 64 62  67  65 64  69  67  66  62 67 67 66 67 67  62  64 65 64 69  71 68 68  69  67 66 67 67 66 67  62  62 67  65 64 69 68 69 69 68 69 69  72  67 69  64  65 67  65 64  62  60 59 60 60 59 60 60 )  
(  60  62 64 65 67 67 65 64 62 ) ( 67 69 71 72 71 69 69 67 ) (  60  62 64 65 67 67 65 64 62 ) ( 67 69 71 72 71 69 69 67 ) ( 67 72 71 69 67 65 64 62 ) ( 67 65 64  62  64 65 64 62 60 )  
( 64 60 62  64  65 67 65 65 64 ) (  64  65 67 67 62  64  62 60 60 59 ) ( 55 60 62  64  65  67  65  64 62 62 62 ) ( 64 60 62  64  65 67 65 65 64 ) (  64  65 67 67 62  64  62 60 60 59 ) ( 55 60 62 64  62  64  65 64 62 60 )  
( 72 72 72 74 72 77 79 77 77 ) (  76  77 79 81  79  77 76 74 72 ) ( 72 77 76 79 74  76  78  79 78 79 ) ( 79 74 74 74 76  77  76 74  72  74 76 74 74 ) (  76  77  79  77  79  81  79  77  79  81  83  81  83 84 )  
( 72 67 69 71 72 74  76  74 72 ) (  76  77 79  79  77  76  77 79 77 77 76 ) ( 76 77 76 74  72  74 76 76 72 ) (  76  77 79 79  76  77 79 77 77 76 ) ( 76 77 76 74  72  74 76 76 72 ) ( 74 76 76 69 71  72  71 69 67 ) ( 67 72 74 76  74  76 77 76 74 74 72 72 72 )  
( 72 79 79 79 79 81  79  77 76 ) ( 74  76  78 79 81 81 79 79 79 ) ( 79 79 79 79  76  77 79  77  76 74 ) ( 79 77 76 74 74  72  74  76  77 79 ) ( 79 77  76  74 76 74 72 72 72 )  
(  62  64 65 65 67 69 69 62 67 65 64 64 64 ) ( 67  69  71 72 72 71 69 67  69  71 72 72 72 72 ) ( 67  69  71 72 72 71 69 67  69  71 72 72  67  65  64  65 67 69 69 69 ) (  62  64 65  65  67  69  70 72 72 69  67  65  64  65 67 65 64 64 64 64 64 64 64 64 64 64 64 64 64 64 )  
( 64 62 60 62 64 65 67 67 ) ( 69 67 65  64  62 62 62 60 60 ) ( 64 67 65 64 62 60 59 59 ) ( 60 62 64 64 65 65 64 64 ) ( 64 65 67 65 64 62 64 64 ) ( 62 62  64  66 67 67 66 67 67 ) ( 67 64 69 67 65 64 62 62 ) (  64  65 67 65  64  62 62 62 60 60 )  
( 76 72 74  76  77 79 77 77 76 ) ( 76 79 79 74  77  76 72 72 71 ) ( 67 72 74  76  77  79  77  76 74 74 74 ) ( 76 72 74  76  77 79 77 77 76 ) (  76  77 79 79 74 76 72 72 71 ) ( 67 72 74  76  77  79  77 76 74 72 )  
( 67 72 74 76 81 79  77 76 ) ( 81 79 77 76  77  79 74 74 72 ) ( 67 72 74 76 81 79  77 76 ) ( 81 79 77 76  77  79 74 74 72 ) ( 79 81 81 74 ) ( 74 79 79 72 ) ( 76 74 72 71  72  71 69 69 67 ) ( 79 77 76 74  76  77 74 74 72 )  
( 72 74 76 74 72 71 69 67 ) ( 72 74 76 77 76 74 72 72 ) ( 72 74 76 74 72 71 69 67 ) ( 72 74 76 77 76 74 72 72 ) ( 76 77 79 77 76 74 76 76 ) ( 79 79 81 79 77 76 74 74 ) (  76  77 79 77  76  74 72 74 76 76 72 72 ) (  76  77 79 77 76 74 76 74 74 72 72 )  
( 60 60 62 64  62  64 65 64 62  62 60 60 ) ( 64 65 64 62 60 59 60 62 ) ( 67 65 64  62  60 59 60 57 55 ) ( 64 65 64 62 60 64 62 60 )  
( 79 81  79  77  76  77 79 74 74 ) ( 76 78 79 79 ) ( 79 81 79  74  76 77 76 74 72 ) ( 72  74  76 77  76  77 79 79 74  72  71 69 67 67 ) ( 67 72 74  76  77 79 79 77 76 74 76 76 ) (  76  77 79 81 79 74 76 78 79 ) ( 79 81 79  74  76 77 76 74 72 ) ( 72  74  76 77  76  77 79 79 74  72  71 69 67 67 ) ( 67 72 74  76  77 79 79 77 76 74 69 71 72 ) ( 74 76 72 69 69 67 ) (  74  76  77 76 76 74 74 72 )  
( 67 67 67 69 69 67 67 ) ( 72 74 72 71 69 69 67 67 ) (  69  71 72  67  65 64 65 64 62 62 60 ) ( 67 67 67 69 69 67 67 ) ( 72 74 72 71 69 69 67 67 ) (  69  71 72  67  65 64 65 64 62 62 60 ) ( 67 67 67 69  67  66  67 69 67 67 ) ( 67 67 69 71 72 71 69 69 67 67 ) ( 71 72 74 74 74 69 67 64 62 62 ) ( 64 66  67  65 64 66 66 67 67 ) (  62  64 65 64 62 64 62 60 60 ) ( 67 67 67 69  67  66  67 69 67 67 67 )  
( 72 74 76 74 72 71 69 69 67 67 ) ( 72 74 76 77 76 74 72 72 72 72 ) ( 72 74 76 74 72 71 69 69 67 67 ) ( 72 74 76 77 76 74 72 72 72 72 ) ( 76 77 79 77 76 74 76 76 ) ( 79 79 81 79 77 76 74 74 ) (  76  77 79 77  76  74 72 74 76 76 72 72 ) (  76  77 79 77 76 74  76  77 74 74 72 72 )  
( 72 72 79 79  77  76 74 76  77  76 74 72 72 ) ( 72 74 76 77 74 79 81 79 ) ( 76  76  77 79 77  76  74  72  74 76 74 ) ( 76 72  74  76 77 ) ( 76 74 76 77 ) ( 76 74 72 79  77 76  77  76 74 74 72 72 72 )  
( 76 74 72 74 76 77 79 79 ) ( 81 79 77  76  74 74 74 72 72 ) ( 76 79 77 76 74 72 71 71 ) ( 72 74 76  76  77  79 77 77 76 76 ) (  76  74  76  77 79 77 76 74 76 76 ) ( 74 74  76  78 79 79 78 79 79 ) ( 79 76 81  79 77  76  74 74 74 ) ( 76  76  77  79 77  76  74 74 74 72 72 )  
( 67 64  62  60 67 67 69 69 ) ( 69 62 62 67 65 64 62 60 ) ( 67 69 69 67 65 64 64 ) ( 62 64 66 67 69 71  69  67 67 ) ( 67 67 67 72 70 69 69 ) ( 69 69 69 74 72 71 71 ) ( 67 69 67 69 71 72 72 ) ( 67 67  65  64 62 62 60 60 60 )  
( 60 67  64  62 60 67  69  71  72 69 67 ) ( 67 69 71 72 71  69  72  71  69 67 ) ( 64 69 67 65 64 62 62 60 ) ( 60 67  64  62 60 67  69  71  72 69 67 ) ( 67 69 71 72 71  69  72  71  69 67 ) ( 64 69 67 65 64 62 62 60 ) ( 67 67 64 64 ) ( 67 67 64 64 ) ( 64 64 62 62 64 64 62 64 65 64 62 62 60 60 ) ( 72 71 69 67 65 64 62 62 60 )  
( 72 72 79 76  74 72 71  72  71  69  67 72 74  76  77 74 74 72 ) ( 72 72 79 76  74 72 71  72  71  69  67 72 74  76  77 74 74 72 ) ( 79  77  76  74  72 81 81 ) ( 76 77 79 79  81  79  77  76 74 74 ) ( 67 69 71 72 74  76  77 74 74 72 )  
( 76 77 79 79 77 76 74 74 ) ( 76 77 79  77  76 74  72 72 72 ) ( 76 77 79 79 77 76 74 74 ) ( 76 77 79  77  76 74  72 72 72 ) ( 74 76 77 77 76 76 74 74 ) ( 77 79 81 81 79 79 77 77 ) ( 76 77 79 79 77 76 74 74 ) ( 76 77 79  77  76 74  72 72 72 )  
( 72 72 74 76  77 79 79 79 78 79 79 ) ( 76 77 77 76 74 74 74 72 71 71 72 72 72 ) ( 72 72 74 76  77 79 79 79 78 79 79 ) ( 76 77 77 76 74 74 74 72 71 71 72 72 72 ) ( 74 74 76 77 77 77 76  74 76 74 74 74 ) ( 76 76 76 77  79 81 81 80 80 81 81 ) ( 83 84 84 76 77 77 76 74 74 ) ( 79 81  79 77 76 74 74 72 72 72 )  
( 76 72 74  76  77 79 77 77 76 ) (  76  77 79 79 74 76 72 72 74 ) ( 67 72 74 76  76  77 74 74 74 ) ( 76 72 74  76  77 79 77 77 76 ) (  76  77 79 79 74 76 72 72 71 ) ( 67 72 74 76 77 76 74 72 )  
( 76 74 72 74 76 78 79 79 ) ( 81 79 77  76  74 74 74 72 72 ) ( 76 79 77 76 74 72 71 71 ) ( 72 74 76  76  77  79 77 77 76 76 ) ( 76 77 79 77 76 74 76 76 ) ( 74 74  76  78 79 79 78 79 79 ) ( 79 76 81  79 77  76  74 74 74 ) ( 76 79 77  76  74 74 74 72 72 )  
( 60 67 67 69 71 72 72 72 ) ( 76 74 72 72 71 72 72 72 ) ( 60 67 67 69 71 72 72 ) ( 72 76 74 72 72 71 72 72 72 ) (  72  74 76 76 74 72  71  69 71 67 ) ( 71 72 71 69 69 67 67 67 ) ( 67  64  65 67 69 67 67 65 64 ) ( 67 65 64 62 62 60 60 60 )  
(  69  70 72 74 72 77 77 76 77 ) ( 77 76 74 79  77  76 76 76 74 ) (  69  70 72 74 72 77 77 76 77 ) ( 77 76 74 79  77  76 76 76 74 ) ( 74 74 74  76  74 72 72 71 72 ) ( 72 74 76 77 76 74 74 76 ) (  69  70 72 74 72 77 77 76 77 ) ( 77 76 74 79  77  76 76 76 74 )  
( 79 72  77  76  74  77 76 76 ) ( 79 72  77  76  74  77 76 76 ) ( 79 72  77  76  74  77 76 76 ) ( 79 72  77  76  74  77 76 76 ) ( 79  79  77  76  74  76  78 79 79 ) ( 79 72  81  79  77  79 76 76 )  
( 76 72 74  76  77 79 77 77 76 ) (  76  77 79 79 74 76 72 72 71 ) ( 67 72 74 76 76 74 74 74 ) ( 76 72 74  76  77 79 77 77 76 ) (  76  77 79 79 74 76 72 72 71 ) ( 67 72 74 76 77 76 74 72 )  
( 72 72 79 79  77  76 74 76  77  76 74 72 ) ( 72 74 76 77 74 79 81 79 ) ( 76  76  77 79 77  76  74  72  74  76  74 74 ) ( 76  72  74 76 77 ) ( 76 74 76 77 ) ( 76 74 72 79  77 76  77  76 74 74 72 )  
(  69  70 72 74 72 77 77 76 77 ) ( 77 76 74 79  77  76 76 76 74 ) (  69  70 72 74 72 77 77 76 77 ) ( 77 76 74 79  77  76 76 76 74 ) ( 74 74  74  76  77  76  74 72 72 71 72 ) ( 72 74 76 77 76 74 74 76 ) (  69  70 72 74 72 77 77 76 77 ) ( 77 76 74 79  77  76 76 76 74 )  
( 76 77 79 79 77 76 74 74 ) ( 76 77 79  77  76 74  74  72 72 72 ) ( 76 77 79 79 77 76 74 74 ) ( 76 77 79  77  76 74  74  72 72 72 ) ( 74 76  77  76  77  79 76 76 74 74 ) ( 77 79 81  79  81  82 81  79  77 77 77 ) ( 76 77 79 79 77 76 74 74 ) ( 76 77 79  72  74 76  74  72 72 72 )  
( 76 76 76 76 ) ( 81 79 79 77 77 76 ) ( 72 74 74 76 77  79  77 76 74 74 72 ) ( 74 74 74 74 ) (  76  74 72 72 74 72 71 71 71 ) ( 71 72 72 74 74 76 77  79  77 76 74 74 72 )  
(  72  74 76 77 79 77 76 74 76 ) ( 76 76  74  76  77  76 74 72 74 72 ) (  72  74 76 77 79 77 76 74 76 ) ( 76 76  74  76  77  76 74 72 74 72 ) ( 72 74 76 77 76 74 76 74 ) ( 74 76 77 79 77 76 74 76 ) ( 72 74 76  77  76 74  72  69 71 72 )  
( 72 72 79 79 77 79 76 72 ) ( 76 76 74 74 72 74 71 67 ) ( 74 74  76  74  72  71 69  67 67 67 ) ( 79 79 79 81 77 79 76 72 ) ( 76 76 74 74 72 74 71 67 ) ( 72 74  76  77  79  77 76  74  72 72 72 )  
( 76 76 76 76 81 79  77 76 ) (  76  77 79 71 72 74 76 76 76 ) ( 76 76 76 76 81 79  77 76 ) (  76  77 79 71 72 74 76 76 76 ) ( 74 74 74 74 74 76 76 74 ) ( 74  76  78 79 79 78 79 79 79 ) ( 79 76 76 77 79 81 81 76 ) ( 76 74  72  71 71  69 69 69 69 )  
( 76  74  72 74 79 76 72 74 74 ) ( 72 72 72 72 74 76 74 74 72 72 72 72 ) ( 76  74  72 74 79 76 72 74 74 ) ( 72 72 72 72 74 76 74 74 72 72 72 72 ) ( 67 67 69 71 72 74 71 67 ) ( 72 72 72 72 74 76 74 74 72 72 72 72 )  
( 72 72 74 74 76 76 ) ( 74 77 77 76 74 74 72 72 ) ( 74 74 72 70 69 69 67 67 ) ( 67 74 74 72 74 76 77 76 74 74 72 72 ) ( 72  70  72 74 72 72 70 69 69 69 69 ) ( 69 69 67 67 72 72 74 76 77 77 77 77 ) ( 77 77 76 74 72 74 76 76 76 76 ) ( 69 67 72  74  76 77 77 77 77 ) ( 77 77 76 74 72 ) ( 74 74 72 70 69 67 67 ) ( 67 74 74 72 74 76 77 76 74 74 72 72 ) ( 72  70  72 74 72 72 70 69 69 69 69 ) ( 76 76 77 77 79 79 ) ( 76 79 77 76 74 72 72 ) ( 76 77 79  76  77 79 77 76 74 72 ) ( 74 74 72 70 69 67 67 ) ( 67 74 74 72 74 76 77 76 74 74 72 72 ) ( 72  70  72 74 72 72 70 69 69 69 69 )  
( 67 67 69 71 72 72 71 ) ( 69 72 67 64 65 64 62 60 60 ) ( 67 67 69 71 72 72 71 ) ( 69 72 67 64 65 64 62 60 60 ) ( 60 62 64  62 60 62 64 ) ( 72 71 72 74  72 71 69 67 ) ( 67 67 72 71 67  69  67 65 64 ) ( 62 64 65 67  65 64 62 60 60 ) ( 60 62 64  62 60 62 64 ) ( 72 71 72 74  72 71 69 67 ) ( 67 67 72 71 67  69  67 65 64 ) ( 62 64 65 67  65 64 62 60 60 ) ( 60 62 64  62 60 62 64 ) ( 67 67 67 64 65 64 62 60 60 )  
( 72 76 79 76 74 76 78 79 ) ( 81  79  77 76 74  72  74 76 74 72 ) ( 74 76 76 74 79 79 78 79 ) ( 76 77 76 74 72 72 71 72 )  
( 72 72 74 72  74  76 77 77 76 77 77 ) ( 79 81 77 77 ) (  76  77 79 74 74 ) ( 79 79 77  76  74 74 74 72 72 ) ( 72 72 74 72  74  76 77 77 76 77 77 ) ( 79 81 77 77 ) (  76  77 79 74 74 ) ( 79 79 77  76  74 74 74 72 72 )  
( 72 77 77 79 79 81 81 79 ) ( 79 77 76 74 74 76 76 76 ) ( 72 72 72 77 77 76 76 ) ( 76 81 81 77 77 79 79 76 ) ( 76 77 77 74 74 76 76 72 ) ( 72 77 79 81 79 77 77 77 )  
( 60 60 60 60 64 64 65 67 67 69 67 67 67 ) ( 60 60 60 64 64 65 67 67 69 67 67 67 ) ( 67 67 69 67 67 65 64  65  64  62 60 60 ) ( 60 62 62 62 64 64 62 60 60 62 64 64 64 ) ( 67 67 69 67 67 65 64  65  64  62 60 60 ) ( 60 62 62 62 64 64 62 60 60 62 64 64 64 ) ( 57 57 57 59 59 59  60  59  60  62  64  65 67 67 67 ) ( 64 64 64 62 62 62 60 60 60 60 60 60 )  
( 60 67 67 69 71 72 72 ) ( 71 72 71 69 69 67 67 ) ( 67 69 67 65 64 62 62 ) ( 64 60 62  64  65 67 65 65 64 ) ( 71 72 71 69 69 67 67 ) ( 72 71 69 67 69 67 65  64  65 67 65 64 62 62 60 60 60 )  
( 76  76  77 79 76 72 74 76 77 76 74 72 72  74 76 76  74  72 74 72 72 72 ) ( 76  76  77 79 76 72 74 76 77 76 74 72 72  74 76 76  74  72 74 72 72 72 ) ( 76 74 76 72 69 71 72 74 76 72 72 72  74 76 76  74  72 74 72 72 72 )  
(  76  76 79  79 77 74 76 76 74 74  72  72  72  71  72  74 76 74 72 72 76 78 79 76 74 72 71 71 69  76  76 77 77 77 76 74  74 72 72 72 72 71 71 72 74 76  76 75 75 79 79 78 76 78  78 76 76 72 72 72 72 72 72 72 72 74 74 74 74 76 76 76 76 76 76 76 76 79 79 79 79 77 77 77 77 77 77 77 77 77 77 77 77 76 76 76 76 76 76 76 76 76 76 76 76 79 79 79 79 79 79 79 79 79 79 79 79 79 79 79 79 79 79 79 79 79 79 79 79 77 77 77 77 74 74 74 74 74 74 74 74 72 72 72 72 72 72 72 72 72 72 72 72  ) 
( 76 76 76 79 77 77 76 76 ) ( 76 76 74 76 77 76 74 74 72 72 72 72 ) ( 76 76 76 79 77 77 76 76 ) ( 76 76 74 76 77 76 74 74 72 72 72 72 ) ( 76 76 74 74 72 72 71 71 ) ( 81 79 77 76 74 74 72 72 )  
( 67 67 69 69 71 71 72 72 ) ( 74 74 72 72 71  69  71  72 69 69 67 67 ) ( 67 67 69 69 67 65 64 64 ) ( 67 67 65 65 64  62  64  65 62 62 60 60 ) ( 72 72 71 71 69 69 67 67 ) ( 67 67 65 64 62 62 60 60 )  
( 67 72 67 69 67  65 64 64 ) ( 67 67 65 64 62  60 60 60 ) ( 67 72 67 69 67  65 64 64 ) ( 67 67 65 64 62  60 60 60 ) ( 62 62  64  66 67 67  66 67 67 ) ( 69  71 72 72 71  71 69 69 ) ( 64 64 69 67 67 66 67 67 ) ( 69 67 65 64 62  60 60 60 )  
( 60 67  67  65 64 62 64 66 67 ) ( 67 64 67 65 67 64 62 60 ) ( 67 69 69 64 67 65 65 64 ) ( 72 71 69 67  69  65  64 62 60 )  
( 72 72 72 74 76  77  76 74 72 72 ) ( 74 74 69 71 72 74 72 ) ( 72 72 72 74 76  77  76 74 72 72 ) ( 74 74 69 71 72 74 72 ) ( 72 79 79 81  79  77 76 78 79 ) ( 79 79 79 81  79  77 76 74 72 72 ) ( 69 71 72 69 67 66 67 67 ) ( 72 72 74 76  77  76 74 72 72 ) ( 74 74 69 71  72  71 69 67 ) ( 70 69 65 69 71 72 74 72 )  
( 67 72 74 76 74 72 72 ) ( 74 76 77 76 74 72 72 ) ( 76 79 79 77 76 74 74 ) ( 76 72 77 76 74 72 72 74 ) ( 74 76 77 76 74 72 72 72 )  
( 72 72 72 74 72 77 79 77 77 ) ( 76 79 81 79 76 74 72 ) ( 72 77 76 79 74 72 69 67 ) ( 67 74 74 74 76 77 74  72  74 76 74 74 72 72 72 72 72 72 )  
( 60 60 60 67 67 69 69 67 ) ( 67 60 62 64 65 64  62  60 60 ) ( 60 60 60 67 67 69 69 67 ) ( 67 60 62 64 65 64  62  60 60 ) ( 64 64 64 62 64  60  59 57 55 ) ( 67 69 67 67  64  65 67 65 64 ) ( 69  67  65 64 62 64 67 64 62 62 60 60 60 )  
( 76 72 74 74 76 78 79 79 ) ( 74 76 77 76 74 74 72 72 ) ( 74 74 79 79 77 77 76 76 ) ( 74 74 72 71 69 69 67 67 ) ( 72 72 77 77 76 76 74 74 ) ( 72 72 72 72 74 74 67 67 ) ( 79 77 76 74 72 71 69 69 ) ( 74 72 77 76 74 74 72 72 )  
( 60 60  62  64  65 67 67 62 64 64 66 67 67 ) ( 65 64  62  64  65 67 67 65 64 64 62 64 64 ) ( 64 67 67 65 64 64 62 60 60 59 60 60 ) ( 60  62  60  62  64 65 64 64 62 60 60 59 60 60 )  
( 60 60 64 64 67 67 67 67 67 67 67 67 69 69 69 69 67 67 67 67 ) ( 67 67 72 72 67 67 72 74 76 76 74 74 72 72 71 71 69 69 67 67 67 67 ) ( 67 67 72 72 67 67 69 69 64 64 65 64 62 62 60 60 60 60 ) ( 60 60 64 64 67 67 67 67 67 67 67 67 69 69 69 69 67 67 67 67 ) ( 67 67 72 72 67 67 72 74 76 76 74 74 72 72 71 71 69 69 67 67 67 67 ) ( 67 67 72 72 67 67 69 69 64 64 65 64 62 62 60 60 60 60 ) ( 67 67 67 67 67 65 64 64 62 62 60 60 60 60 ) ( 67 67 67 67 67 65 64 64 62 62 60 60 60 60 ) ( 62 62 64 64 65 65 64 64 64 64 ) ( 67 67 69 69 71 71 72 72 ) ( 72 74 76 76 74 74 72 72 ) ( 67 67 72 72 67 67 69 69 64 64 65 64 62 62 60 60 60 60 )  
( 72 72 67 72 77 76 74 72 ) ( 72  74  76 77 76 74 69 71 72 ) ( 72 72 67 72 77 76 74 72 ) ( 72  74  76 77 76 74 69 71 72 ) ( 72 77 76 74 79 79 78 79 ) ( 79 81 77 79  77 76 74 72 ) ( 76 74 67 72 77 76 74 72 )  
( 67 69 67 65 67 72 74 72 ) ( 72 67 71 72 74 76 76 74 ) ( 74  76  74 72 69 67 71 73 74 ) ( 67 72 69 65 69 67 67 67 )  
( 60 60 60 65 65 62 64 64 66 67 67 67 ) ( 64 65 67 69 69 65 67 67 67 65 65 65 ) ( 67  64  65 67 69 69 67 67  65 64 62 62 62 ) ( 67 67 67 65 65 64 64 62 62 60 60 60 )  
( 72 72 72 69 74 72 72 71 ) ( 76 76 76 81 79 79 78 79 ) ( 76 76 76 77 76 74 73 74 ) ( 76 76 76 74 72 72 71 72 )  
( 60 67  64  62 60 67  69  71  72 69 67 ) ( 67 69 71 72 71  69  72  71  69 67 ) ( 64 69 67 65 64 62 62 60 ) ( 60 67  64  62 60 67  69  71  72 69 67 ) ( 67 69 71 72 71  69  72  71  69 67 ) ( 64 69 67 65 64 62 62 60 ) ( 67 67 64 64 ) ( 67 67 64 64 ) ( 64 64 62 62 64 64 62 64 65 64 62 62 60 60 ) ( 72 71 69 67 65 64 62 62 60 )  
( 62 64 64 62 60 60 57 60 60 60 62 62 ) ( 64 65 65 69 67 67 65 64 64 64 62 62 ) ( 62 64 64 62 60 60 57 60 60 60 62 62 ) ( 64 65 65 69 67 67 65 64 64 64 62 62 ) ( 67 67 67 67 69 69 67 65 64 62 60 60 ) ( 60 65 65 64 65 65 67 69 69 67 65  64 62 61 61 ) ( 64 65 65 69 67 67 65 64 64 64 62 62 )  
( 60 60 62  64  62 60 64 66 67 ) ( 67 65 64 62  60  62 64 66 67 ) ( 69 67 65 64 65 62 62 60 ) ( 60 60 62  64  62 60 64 66 67 ) ( 67 65 64 62  60  62 64 66 67 ) ( 69 67 65 64 65 62 62 60 ) ( 72 72 72 71 67 69 69 64 ) ( 72 72 72 71 67 69 69 67 ) (  64  65 67 69 67 64 65 65 64 ) ( 62 64 65 67 67 65 64 62 ) ( 67 69 71 72 71 69 69 67 ) ( 60 62 64 65 64 62 62 60 )  
( 67 67 67 67 69 69 67 67 ) ( 65 64 62 62 60 60 60 60 ) ( 67 67 67 67 69 69 65 65 ) ( 69 69 70 69 67 67 67 67 ) ( 67 67 67 67 72 72 67 ) ( 67 69 69 67 67 65 65 65 65 ) ( 67 67 67 67 67 67 64 64 ) ( 65 64 62  60 60 60 60 60 ) ( 67 67 69 69 70 70 70 70 67 67 66 66 67 67 67 67 ) ( 72 72 72 74 67 67 69 69 71 71 71 71 67 67 67 66 67 67 67 67 67  65 64 65 62 62 60 60 )  
( 67 72  76  74  76  72 81 77 77 79 72 77 74 74 72 ) ( 74 77 76 74  76  74  76  72  71  72 72  74 74 74 ) ( 67 72  76  74  76  72 81 77 77 79 72 77 74 74 72 ) ( 74 77 76 74  76  74  76  72  71  72 72  74 74 74 ) ( 71 72 74 76 69  81  77  74  73  74  76 76  77 77 77 ) ( 74 71  72  71  69  67 79  72 81  81  79  77  76  74  72 72 72 )  
( 77 76 74 74 74 76  77  76 74 72 72 ) ( 76 77 76 77 74 76 72 74 74 76 76 ) ( 76 76 76 74 76 77 77 ) ( 72 72 74 76 77 74 76 76 ) ( 76 77 79 79 77 74 76 76 ) ( 79 79 79 79 81  79  77 76 76 ) ( 76 72 74  76  77  79  77 76 74 76 77 77 )  
( 60 60 67 67 69 71 72 72 ) ( 71  72 74 67 72 71 69 69 67 67 ) ( 72 72 67 67 65 65 64 64 ) ( 67 67 65 64 62 62 60 60 ) ( 62 62  64  66 67 67 66 67 67 ) ( 69 71 72 72 ) ( 67 67 65 64 62 62 60 60 60 60 )  
( 72 72 74 76 78 78 ) ( 78 79 74 74 77 76 76 76 ) ( 74  76  78 79 79 78 79 79 ) ( 72 72 74 76 78 78 ) ( 78 79 74 74 77 76 76 ) ( 74  76  78 79 79 78 79 79 ) ( 74 74 74 76 74 77 76 76 76 74 74 ) ( 74 74 74 76 74 77 76 76 76 74 74 ) ( 79 76 74 72 72 ) ( 79 76 74 72 72 )  
( 72 72 74 76 72 72 ) ( 74 74 76 77 77 76 77 77 77 ) ( 76 76 78 79 74 74 ) ( 76 78 79 79 79 78 79 79 79 ) ( 74 74 76 77 79 81 79 79 77 76 76 74 ) ( 81  79 77 79  77 76 77 77 76 74 74 72 ) ( 81  79 77 79  77 76 77 77 76 74 74 72 )  
( 67 64 66 67 67 64 62 60 ) ( 60 67 67 69 71 72 71 69 69 67 67 ) ( 67 69 71 72 ) ( 67 69 67 65 65 64 64 ) ( 72 69 71 72 ) ( 69 67 65 64 ) ( 67 64 66 67 ) ( 72 71 69 67 ) ( 67  64  65 67 69 67 65 64 62 62 60 60 60 60 )  
( 60 64 67 67 64 60 62 64 ) ( 60 67 67 69 71  72  71 69 67 ) ( 67 64 67 69 67 65 64 62 ) ( 67  64  65 67 65  64  62 60 62 60 )  
( 76 77 79 79 77 76 74 74 ) ( 76 77 79 76 74 74 72 72 ) ( 76 77 79 79 77 76 74 74 ) ( 76 77 79 76 74 74 72 72 ) ( 74 76 77 77 76 76 74 74 ) ( 77 79 81 81 79 79 77 77 ) ( 76 77 79 79 77 76 74 74 ) ( 76 77  79  77 76 74 74 72 72 )  
( 60 64 66 67 67 67 ) ( 67 65 67 69 67 69 71 69 71 72 72 72 ) ( 64 64 65 67 65 64 62 62 64 65 64 62 60 60 62 64 64 62 64 64 66 67 67 67 ) ( 71 71 72 69 69 72 71 71 69 68 68 64 69 69 64 65 64 62 60 60  59  60 57 57 57 ) ( 61 61 61 62 61 62 64 65 67 65  64  65 62 67 67 67 67 69 71 72 71 69 71 71 67 ) ( 72 67 64 69 69 67 65 67 64 62 62 62 67 64 60 69 71 72 64 64  62  60 60 60 60 )  
( 67 64 62 62 60 60 ) ( 67 69 67 67 ) ( 72 72 71 71 69  67 67 67 ) ( 67 69 67 65 64 64 ) ( 62  64  66 67 67 66 67 67 ) ( 67 69 65 65 64 65 64 62 60 60 ) ( 64 62 62 60 ) ( 67 67 66 67 ) ( 72 72 71 69 69 67 67 ) ( 67  69  67 65 65 64  65  64 62 62 60 60 )  
( 67 67 69 71 72 72 72 72 ) ( 76 74 72 71 69 69 67 67 ) ( 67 67 69 71 72 67 67 67 ) ( 69 67 65 64 62 62 60 60 ) ( 72 74 72 71 69 69 67 67 ) ( 67 67 69 71 72 67 67 67 ) ( 69 67 65 64 62 62 60 60 )  
( 72 72 72 67 72 74 76 76 ) (  72  74  76  78 79 83 81 81 79 79 ) ( 72 72 72 67 72 74 76 76 ) (  72  74  76  78 79 83 81 81 79 79 ) ( 81 79 77 81 79 77 76 76 74 74 ) ( 74 73 74 76 77 77 76 76 ) ( 72 74 76 77 77 76 77 77 ) ( 79  77 76 74  72  74 76 74 74 72 72 )  
( 72 72 74 76  74  76  77  76 74 72 ) ( 76 77 76 74 72  71  72  72  71  72 74 ) ( 79 77 76 74  72  71  69  71  72 69 67 ) ( 76 77 76 74  72  74 76 74 72 )  
(  72  74 76 77 79 77 76 74 76 ) ( 76 76  74  76  77  76 74  72  69 71 72 ) (  72  74 76 77 79 77 76 74 76 ) ( 76 76  74  76  77  76 74  72  69 71 72 ) ( 72 74 76 77 76  74  76 76 74 ) ( 74 76 77 79 77 76 74 76 ) ( 72 74 76  77  76 74  72  69 71 72 )  
( 79 79 79  74  76 78  79  78 76 74 ) ( 79 78 76 74  76  74  72  71 69 67 ) ( 79 79 79  74  76 78  79  78 76 74 ) ( 79 78 76 74  76  74  72  71 69 67 ) ( 67 74 76 74 73 74 ) ( 67 74  76  78 79 ) ( 78  79  78 76 74 ) ( 76 76 74  76  74 72 71 ) ( 79 78 76 74  76  74  72  71 69 67 )  
( 72 74 76 74 72 71 69 67 ) ( 72 74 76  74  76  77 76  74  72 72 72 ) ( 72 74 76 74 72 71 69 67 ) ( 72 74 76  74  76  77 76  74  72 72 72 ) ( 76 77 79 77 76 74 76 76 ) ( 79 79 81 79 77 76 74 74 ) ( 76 79 77  76  74 72 74 76 76 72 72 ) ( 76 79 77 76 74 72 74 74 72 72 )  
( 67 64 60 67 67 69 69 69 ) ( 69 62 62 67 65 64 60 ) ( 67 69 69 67 65 64 64 64 ) ( 62 64 66 67  69 66 66 67 ) ( 67 67 67 72 70 69 69 69 ) ( 69 69 69 74 72 71 71 71 ) ( 67 69 67 69 71 72 72 72 ) ( 67 67  65  64 62 62 60 60 60 )  
( 72 74 76 74 72 71 69 67 ) ( 72 74 76 77 76 74 72 72 ) ( 72 74 76 74 72 71 69 67 ) ( 72 74 76 77 76 74 72 72 ) ( 76 77 79 77 76 74 76 76 ) ( 79 79 81 79 77 76 74 74 ) (  76  77 79 77 76 72 74 76 76 72 72 ) ( 76 79 77 76 74 76 74 74 72 72 )  
( 72 72 67 72 74 76 76 ) ( 79 81 79 77  79 76 76 ) ( 79 77 76 74 72 74 74 ) ( 76 72 77 76 74 72 72 ) (  76  77 79 79 77 76 74 74 ) ( 76 72 72 74 76 77 77 76 ) ( 79 77 74 76 77 79 79 ) ( 72 74 76 77 76 74 74 72 )  
( 72  72  74 76 74 72 74 74 76 ) (  72  74 76 77  79  77 76 74 74 72 ) ( 72  72  74 76 74 72 74 74 76 ) (  72  74 76 77  79  77 76 74 74 72 ) ( 76 76 74 72 71  72  74 76 74 ) ( 74 72 71 72 67 72 74 76 ) (  72  74 76 77  79  77 76 74 74 72 )  
( 69 72 74 72 77 77 76 77 ) ( 77 76 74 79  77 76 77 76 76 74 74 74 ) ( 69 72 74 72 77 77 76 77 ) ( 77 76 74 79  77 76 77 76 76 74 74 74 ) ( 74 74 74 76  74 76 72 72 71 72 ) ( 72 74 76 77 76 74 74 76 76 76 ) (  69  71 72 74 72 77 77 76 77 ) ( 77 76 74 79  77 76 77 76 76 74 74 74 )  
( 72 72 72 72 74 70 69 67 ) ( 74 76 74 72  71  69 71 69 67 ) ( 72 72 72 72 74 70 69 67 ) ( 74 76 74 72  71  69 71 69 67 ) ( 79 77 76 74 72  72  74 76 74 ) ( 76 77 76 74 73 74 74 74 ) ( 67 72 74 76 77 79  77  76 74 ) ( 77 76 74 79  72  74 76 74 72 )  
( 79 79 79  74  76 78  79  78 76 74 ) ( 79 78 76 74  76  74  72  71 69 67 ) ( 79 79 79  74  76 78  79  78 76 74 ) ( 79 78 76 74  76  74  72  71 69 67 ) ( 67 74 76 74 73 74 74 ) ( 67 74 76 78 79 ) ( 78 79 78 76 76 74 ) ( 76 76 74  76  74 72 71 ) ( 79 78 76 74  76  74  72  71 69 67 )  
( 60  62 64 65 67 67 69 71 72 72 ) ( 60  62 64 65 67 67 65 64 62 62 ) ( 64 64 60 60 65 64 62 62 60 60 60 60 ) ( 60  62 64 65 67 67 69 71 72 72 ) ( 60  62 64 65 67 67 65 64 62 62 ) ( 64 64 60 60 65 64 62 62 60 60 60 60 ) ( 67 67 62 64 65 65 64  62 62 62 ) ( 67 67 69 71 72 64 62  62 60 60 )  
( 76 72 74  76  77 79 77 77 76 ) (  76  77 79 79 74 76 72 72 71 ) ( 67 72 74  76  77  79  77  76 74 74 74 ) ( 76 72 74  76  77 79 77 77 76 ) (  76  77 79 79 74 76 72 72 71 ) ( 67 72 74 76 77 76 74 72 )  
( 72 79 79 79 79 81  79  77 76 ) ( 74  76  78 79 79 78 79 79 79 ) ( 79 79 79  79  77  76  77  79  77 76 74 ) ( 79 77 76 74 74  72  74  76  77 79 ) ( 79 77 76 74 74 72 72 72 )  
( 60 67 64 60 67 69 69 67 ) ( 67 69 71 72 71 69 69 67 ) ( 64 69 67 65 64 62 62 60 ) ( 60 67 64 60 67 69 69 67 ) ( 67 69 71 72 71 69 69 67 ) ( 64 69 67 65 64 62 62 60 ) ( 67 67 64 64 ) ( 67 67 64 64 ) ( 65 64 62 64 65 64 62 64 65 64 62 62 60 60 ) ( 72 71 69 67 65 64 62 62 60  ) 
( 67  65  64 69 69 71 71 72 72 ) ( 69  67 65 67  65  64  62  64 60 60 ) ( 67  65  64 69 69 71 71 72 72 ) ( 69  67 65 67  65  64  62  64 60 60 ) (  60  62 64 64 64 62 62  62  64 65 65  65  64 64 64 64 69  67 65 67  65 64 65 64 62 60 60 ) (  60  62 64 64 64 62 62  62  64 65 65 65 64 64 64 69  67 65 67  65 64 65 64 62 60 60 60 )  
( 72 74 76 74 72 71 69 67 ) ( 72 74 76  74  76  77 76  74  72 72 72 ) ( 72 74 76 74 72 71 69 67 ) ( 72 74 76  74  76  77 76  74  72 72 72 ) ( 76 77 79 77 76 74 76 76 ) ( 79 79 81 79 77 76 74 74 ) ( 76 79 77  76  74 72 74 76 76 72 72 ) ( 76 79 77 76 74 72 74 74 72 72 )  
( 72 72 72 71 67 69 71 72 ) ( 72 71 69 67 65 64 62 64 ) ( 64 62  64  66 67 69 67 66 67 ) ( 67 69 71 72 71 69 69 67 ) ( 67 65 64 69 67 65 64 62 ) ( 62 64 66 67 69 67 66 67 )  
( 72 72 72 74 72 77 79 77 77 ) (  76  77 79 81  79  77 76 74 72 ) ( 72 77  76  77 79 74  72  71 69 67 ) ( 67 74 74 74 76  77  76 74  72  74 76 74 74 ) ( 72 72 72 72 72 )  
( 76 72 74  76  77 79 77 77 76 ) (  76  77 79 79 74  76  74 72 72 71 ) ( 67 72 74  76  77  79  77  76 74 74 ) ( 76 72 74  76  77 79 77 77 76 ) (  76  77 79 79 74 76 72 72 71 ) ( 67 72 74 76  74  76  77 76 74 72 )  
( 67 67 67  67  69 70 69 67 65 ) (  67  65  64  62  60  62 64 66 67 69 67 ) ( 67 67 67  67  69 70 69 67 65 ) (  67  65  64  62  60  62 64 66 67 69 67 ) ( 67 72 71 69 71  72  71 69 67 ) ( 67 72 67 69  64  65 67 65 64 ) ( 64  62  64 65 64 62 57 59 60 )  
( 67 64  62  60 67 67 69 69 69 ) ( 69 62 62 67 65 64 62 60 ) ( 67 69 69 67 65 64 64 64 ) ( 62 64 66 67  69  71  72 71  69  67 67 ) ( 67 67 67 72 70 69 69 69 ) ( 69 69 69 74 72 71 71 71 ) ( 67 69 67 69 71 72 72 72 ) ( 67 67  65  64  62  64  65 62 60 60 60 )  
( 67 72 74 76 77 79  77 76 ) ( 81 79 77 76 77 74 74 72 ) ( 67 72 74 76 77 79  77 76 ) ( 81 79 77 76 77 74 74 72 ) ( 79 81 81 74 ) ( 74 79 79 72 ) ( 76 74 72 71 72 69 69 67 ) ( 79 77 76 74 76 74 74 72 )  
( 74 74 72 74 70  69  70  72 69 67 ) (  67  69 70 72 74 72 77 76 74 ) ( 74 79 81 79 74 76 74 72 ) (  72  74 76 78 79 77  76  77  79 76 74 )  
( 79 79 79 79 79 79 78 78 79 79 79 ) ( 79 79 76 79 77 79 81 83 84 84 84 ) ( 79 79 79 79 79 79 78 78 79 79 79 ) ( 79 79 76 79 77 79 81 83 84 84 84 ) ( 79 77 79 81 79 81 83 84 84 84 ) ( 72 72 72 72 72 72  72  74  76  74  76  77 79 79 79 ) (  76  77  76  74 72 72 74 76 77 79 77  76  77  79  81  77  79 81 81 81 ) (  79  81  79  77 76 77 79 79 81 83 84 84 83 83 84 84 84 )  
( 67 67 69 69 71  71  72  74 72 72 ) ( 74 74 72 72 71  69  71  72 69 69 67 67 ) ( 67 67 69 69 67  65  64 64 64 ) ( 67 67 65 65 64  62  64  65 62 62 60 60 ) ( 67 67 69 69 71  71  72  74 72 72 ) ( 67  67  69  70  69  67  65  64  62  64  65 62 60 60 )  
( 62 64 64 62 60 60 57 60 60 60 62 62 ) ( 64 65 65 69 67 67 65 64 64 64 62 62 ) ( 62 64 64 62 60 60 57 60 60 60 62 62 ) ( 64 65 65 69 67 67 65 64 64 64 62 62 ) ( 67 67 67 67 69 69 67 65 64 62 60 60 ) ( 60 65 65 64 65 65 67 69 69 67 65  64 62 61 61 ) ( 64 65 65 69 67 67 65 64 64 64 62 62 )  
( 60 67  64  62 60 67  69  71  72 69 67 ) ( 67 69 71 72 71  69  72  71  69 67 ) ( 64 69 67 65 64 62 62 60 ) ( 60 67  64  62 60 67  69  71  72 69 67 ) ( 67 69 71 72 71  69  72  71  69 67 ) ( 64 69 67 65 64 62 62 60 ) ( 67 67 64 64 ) ( 67 67 64 64 ) ( 64 64 62 62 64 64 62 64 65 64 62 62 60 60 ) ( 72 71 69 67 65 64 62 62 60 )  
( 60 60 62  64  62 60 64 66 67 ) ( 67 65 64 62  60  62 64 66 67 ) ( 69 67 65 64 65 62 62 60 ) ( 60 60 62  64  62 60 64 66 67 ) ( 67 65 64 62  60  62 64 66 67 ) ( 69 67 65 64 65 62 62 60 ) ( 72 72 72 71 67 69 69 64 ) ( 72 72 72 71 67 69 69 67 ) (  64  65 67 69 67 64 65 65 64 ) ( 62 64 65 67 67 65 64 62 ) ( 67 69 71 72 71 69 69 67 ) ( 60 62 64 65 64 62 62 60 )  
( 67 64 67 69 67 65 65 64 ) ( 64 62 64 62 62 60 60 60 ) ( 67 64 67 69 67 65 65 64 ) ( 64 62 64 62 62 60 60 60 ) ( 62 62 64 65  67  65 64 64 62 ) ( 62  64  66 67  69  67 66 67 67 67 ) ( 67 64 67 69 67 65 65 64 ) ( 64 62 64 62 62 60 60 60 )  
( 72 69 65 72 72 74 74 ) ( 74 67 67 72 70 69 67 65 ) ( 72 74 74 72 70 69 69 ) ( 67 69 71 72  74  76  77 76 74 72 ) ( 72 72 72 77  75  74 74 74 ) ( 74 74 74 79  77  76 76 76 ) ( 72 74 72 74 76 77 77 ) ( 72  74  72  70  69 67 67 65 65 65 )  
(  72  74 76 77 79 77 76 74 76 ) ( 76 76  74  76  77  76 74  72  74 74 72 ) (  72  74 76 77 79 77 76 74 76 ) ( 76 76  74  76  77  76 74  72  74 74 72 72 74 76 77 76  74  76 76 74 ) ( 74 76 77 79 77 76 74 76 ) ( 76 76  74  76  77  76 74  72  74 74 72 )  
( 76 76 81 79  77  76  77 76 76 76 ) (  76  77 79 72 74 76 74 74 72 ) ( 76 76 81 79  77  76  77 76 76 76 ) (  76  77 79 72 74 76 74 74 72 ) ( 74 74 76  77  81  79  77 76 76 76 ) ( 76 74  79  81  83 81  79  78 79 79 79 ) ( 79 79 76 77 79 81 81 81 74  76  77  79  77  76 76  74  72 72 72 72 )  
( 72 76 76 74 76 76 77 79 79 79 76 76 ) ( 81 81 81 81 81 81 79 79 79 79 79 79 77 77 77  77  76 77 ) ( 76  81  77 74 76 76 ) ( 79 81 81 83 84 84 83 81 81 81 79 79 76 74 74 72 72 72 71 72 72 )  
( 67 64 62 62 60 60 ) ( 67 69 67 67 ) ( 72 72 71 71 69  67 67 67 ) ( 67 69 67 65 64 64 ) ( 62  64  66 67 67 66 67 67 ) ( 67 69 65 65 64 65 64 62 60 60 ) ( 64 62 62 60 ) ( 67 67 66 67 ) ( 72 72 71 69 69 67 67 ) ( 67  69  67 65 65 64  65  64 62 62 60 60 )  
( 72 67 69 71 72 74 76 72 ) (  76  77 79 79  76  77 79 77 77 76 ) ( 76 77 76 74  72  74 76  76  74 72 ) (  76  77 79 79 76 79 77 77 76 ) ( 76 77 76 74  72  74 76 76 72 ) ( 74 76 76 69 71  72  71 69 67 ) ( 67 72 74 76  74  76 77 76 74 74 72 72 72 )  
(  72  74 76 77 79 77 76 74 76 ) ( 76 76  74  76  77  76 74 72 74 72 ) (  72  74 76 77 79 77 76 74 76 ) ( 76 76  74  76  77  76 74 72 74 72 ) ( 72 74 76 77 76 74 76 74 ) ( 74 76 77 79 77 76 74 76 ) ( 72 74 76  77  76 74  72  69 71 72 )  
(  81  81  79  81  79  77  76  74  76  77  76  77  76  74 72  79  77  79  81  79  77  76  74  76  77  76  77  76  74 72  81  81  79  81  79  77  76  74  76  77  76  77  76  74 72  79  77  79  81  79  77  76  74  76  77  76  77  76  74 72  79  77  79  81  79  77  76  74  76  77  76  77  76  74 72  79  77  79  81  79  77  76  74  76  77  76  77  76  74 72  81  79  81  82  81  79  77  76  77  79  77  79  77  76 74  81  79  81  82  81  79  77  76  77  79  77  79  77  76 74  81  81  79  81  79  77  76  74  76  77  76  77  76  74 72  ) 
( 79 79 79  79  81 82 81 79 77 ) (  79  77  76  74  72  74 76 78 79 81 79 ) ( 79 79 79  79  81 82 81 79 77 ) (  79  77  76  74  72  74 76 78 79 81 79 ) ( 79 84 83 81 83  84  83 81 79 ) ( 79 84 79 81  76  77 79 77 76 ) ( 76  74  76 77 76 74  72  74 74 72 )  
( 79 79 79 81 81 79 79 79 ) ( 76 77 76 74  76  77 74 74 72 ) ( 79 79 79 81 81 79 79 79 ) ( 76 77 76 74  76  77 74 74 72 ) ( 74 74 74 76 76 74 74 74 ) ( 74  76  78 79 79 78 79 79 79 ) ( 79 81 79 77 76 77 77 77 ) ( 76 74  76  77 74  74  72 72 72 72 )  
( 67 72 74 76 77 79  77 76 ) ( 81 79 77 76 77 74 74 72 ) ( 67 72 74 76 77 79  77 76 ) ( 81 79 77 76 77 74 74 72 ) ( 79 81 81 74 ) ( 74 79 79 72 ) ( 76 74 72 71 72 69 69 67 ) ( 79 77 76 74 76 74 74 72 )  
( 67 67 67  67  69 70 69 67 65 ) (  67  65  64  62  60  62 64 66  67  69 69 67 ) ( 67 67 67  67  69 70 69 67 65 ) (  67  65  64  62  60  62 64 66  67  69 69 67 ) ( 67 72 71 69 71  72  71 69 67 ) ( 67 72 67 69  64  65 67 65 64 ) ( 64  62  64 65 64 62 57 59 60 )  
( 72 72 72 72 74 70 69 67 ) ( 74 76 74 72  71  69 71 69 67 ) ( 67 72 72 72 74 71 69 67 ) ( 74 76 74 72  71  69 71 69 67 ) ( 79 77 76 74 72  72  74 76 74 ) ( 76 77 76 74 73 74 74 74 ) ( 67 72 74 76 77 79  77  76 74 ) ( 77 76 74 79  77  76  74  72  74 76 74 72 72 72 )  
( 72 79 79 79 79 81  79  77 76 ) ( 74  76  78 79  79  81 78 79 79 79 ) ( 79 79 79  79  77  76  77 79  77  76 74 ) ( 79 77 76 74  74  76  72  74  76  77 79 ) ( 79 77 76 74 74 72 72 72 )  
( 60 60 62 64  66 67 67 67 66 67 67 ) ( 64 65 65 64 62 62 62 62 62 62 60 60 60 ) ( 60 60 62 64  66 67 67 67 66 67 67 ) ( 64 65 65 64 62 62 62 62 62 62 60 60 60 ) ( 62 62 64 65 65 65 64  62 64 62 62 62 ) ( 64 64 64 65  67 69 69 69 68 69 69 ) ( 71 72 64 64 65 65 64 62 62 ) ( 67 69  67 65  64  62 62  60 60 60 60 )  
( 88  86 86  84  84  93  91  91  84  83  84  93  91  91  84  83 84 84  83 83  81  81  89  88  88  81  80  81  89  88  88  81  80 81 83  81 81  79  79  88  86  86  79  78  79  88  86  86  79  78 79 88  86 86  84  84  93  91  91  84  83  84  93  91  91  84  83 84 84 84  ) 
( 76 76 77 76 76 74 76 76 ) ( 79 79 81 81 74  79  77 76 76 ) ( 72  74 76  74  72 71  69 69 69 ) ( 76  77 79 76 77  76  74 74 72 ) ( 76 76 81 81 74 74 ) ( 76 77 79 79 77 76 74 74 ) ( 76  77 79 76 77 76 74 76 76  74  72 71 71 69 69 )  
( 67 72 74 76  77  79  81 79  77  76 76 ) ( 81 79 77 76  74  76  77 76  74  72 72 ) ( 67 72 74 76  77  79  81 79  77  76 76 ) ( 81 79 77 76  74  76  77 76  74  72 72 ) ( 79 81 81 74 ) ( 74 79 79 72 76 74 72 ) ( 67 79 79 78 79 ) ( 79 77 76 74  76  77 74 74 72 )  
( 79 79 79  77  76  74  76  77  79 76 76 ) ( 74 76 76 78 79 79 79 78 79 79 ) (  76  77 79  79  72 77 76  74 79 79 ) ( 76 76 77 79 79 81  74  76  77  79 76 76 ) (  72  74  76  78  79  74 79  79  78  76  78  81  79 76 76 ) (  76  81  79 81  84  83 84 84 83 84 84 )  
(  69  70 72 74 72 77 77 76 77 ) ( 77 76 74 79  77  76 76 76 74 ) (  69  70 72 74 72 77 77 76 77 ) ( 77 76 74 79  77  76 76 76 74 ) ( 74 74  74  76  77  76  74 72 72 71 72 ) ( 72 74 76 77 76 74 74 76 ) (  69  70 72 74 72 77 77 76 77 ) ( 77 76 74 79  77  76 76 76 74 )  
( 76 77 79 79 77 76 74 74 ) ( 76 77 79 76 74  74 72 72 ) ( 76 77 79 79 77 76 74 74 ) ( 76 77 79 76 74  74 72 72 ) ( 74 76 77 77 76  74 74 74 ) ( 77 79 81 81 79  79  77 77 77 ) ( 76 77 79 72 77 76 74 74 ) ( 76 77 79 76 74 74 72 72 )  
( 72 67 69 71 72 74 76 72 ) (  76  77 79 79  76  77 79 77 77 76 ) ( 76 77 76 74  72  74 76 76 72 ) (  76  77 79 79  76  77 79 77 77 76 ) ( 76 77 76 74  72  74 76 76 72 ) ( 74 76 76 69 71  72  71 69 67 ) ( 67 72 74 76  74  76 77 76 74 74 72 72 72 )  
(  72  74 76 77 79 77 76 74 76 ) ( 76 76  74  76  77  76 74  72  74 74 72 ) (  72  74 76 77 79 77 76 74 76 ) ( 76 76  74  76  77  76 74  72  74 74 72 72 74 76 77 76  74  76 76 74 ) ( 74 76 77 79 77 76 74 76 ) ( 76 76  74  76  77  76 74  72  74 74 72 )  
( 76 72 74  76  77 79 77 77 76 ) (  76  77 79 79 74 76 72 72 71 ) ( 67 72 74 76  76  74 74 74 74 ) ( 76 72 74  76  77 79 77 77 76 ) ( 76 79 79 74 76 72 72 71 ) ( 67 72 74 76 77  76  74 74 72 )  
( 72 72 74 72  74  76 77 77 76 77 77 ) ( 79 81 77 77 ) (  76  77 79 74 74 ) ( 79 79 77 76 74  74  72 72 72 ) ( 77 77 76 77 74 79 79 78 79 79 ) ( 79 81 77 77 ) (  76  77 79 74 74 ) ( 79 79 77  76  74 74  74  72 72 72 )  
( 72 72 74  76  78 79 79 78 79 ) ( 76 77 76 74 76 74 74 72 ) ( 72 72 74  76  78 79 79 78 79 ) ( 76 77 76 74 76 74 74 72 ) ( 74 74 76 77 77  76  74 76 74 ) ( 76 76 76  77  79 81 81 80 81 ) ( 83 84 76 77 76 74 74 74 ) ( 79 81 79 77  76  77 74 74 72 )  
( 72  72  74 76 74 72 74 74 76 ) (  72  74 76 77 79  77  76  74  72 74 72 ) ( 72  72  74 76 74 72 74 74 76 ) (  72  74 76 77 79  77  76  74  72 74 72 ) ( 76 76 74 72 71  72  74 76 74 ) ( 74 72 71 72 67 72 74 76 ) (  72  74 76 77 79  77  76  74  72 74 72 )  
( 76 72 74  76  77 79 77 77 76 ) (  76  77 79 79 74  76  74 72 72 71 ) ( 67 72 74  76  77  79  77  76 74 74 74 ) ( 76 72 74  76  77 79 77 77 76 ) (  76  77 79 79 74 76 72 72 71 ) ( 67 72 74  76  77  79  77 76 74 72 )  
( 76 77 79 79 77 76 74 74 ) ( 76 77  79  77 76 74 74 72 72 ) ( 76 77 79 79 77 76 74 74 ) ( 76 77  79  77 76 74 74 72 72 ) ( 74 76 77 77 76 76 74 74 ) ( 77 79 81 81 79 79 77 77 ) ( 76 77 79 79 77 76 74 74 ) ( 76 77  79  77 76 74 74 72 72 )  
(  76  74 72 74  76  77 79 77 77 76 ) (  76  77 79 79 74  76  74 72 72 71 ) ( 67 72 74  76  74  76  77 74 74 ) (  76  74 72 74  76  77 79 77 77 76 ) (  76  77 79 79 74  76  74 72 72 71 ) ( 67 72 74  76  77  79  77 76 74 72 )  
(  67  65  67  69  69  65  67  64  64  65  65  62 64  72  71  72  64 62  67  65  67  65  64  62 60  60  60  60  60  60  55  55  55  55  55  55  52  72  71  72  64 62  64  65  64  62 60  62  60  62  65  65  64  64  67  65  67  69  69  65  67  64  64  65  65  62 64  72  71  72  64 62  67  65  67  65  64  62 60  60  60  60  60  60  55  55  55  55  55  55  52  72  71  72  64 62  64  65  64  62 60  62  60  62  65  65  64  64  64  62  64  67  67  66  66  62  60  62  62  62  55  55  55  55  55  55  55  55  55  55  55 55  52  52  52  52  52  48  48  48  48  48 48  67  65  67  69  69  65  67  64  64  65  65  62 64  72  71  72  64 62  67  65  67  65  64  62 60 )  
