( 72 72 72 79 76 74 72 72 74 76 74 74 fermata 76 79 79 77 76 74 74 72 72 fermata 72 72 72 79 76 74 72 72 74 76 74 74 fermata 76 79 79 77 76 74 74 72 72 fermata 76 76 77 79 79 77 76 74 74 fermata 72 76 76 77 79 79 77 76 76 76 72 72 fermata 76 79 79 77 76 76 74 72 74 76 74 74 fermata 76 79 79 77 76 74 74 72 72 fermata )
( 72 72 72 72 74 70 69 67 fermata 74 76 74 72 71 69 71 69 67 fermata 72 72 72 72 74 70 69 67 fermata 74 76 74 72 71 69 71 69 67 fermata 79 77 76 74 72 72 74 76 74 fermata 76 77 76 74 73 74 74 74 fermata 67 72 74 76 77 79 77 76 74 fermata 77 76 74 79 77 76 74 72 74 76 74 72 72 72 fermata )
( 71 72 71 69 76 76 74 72 71 fermata 74 72 71 69 71 72 74 72 71 69 fermata 71 72 71 69 76 76 74 72 71 fermata 74 72 71 69 71 72 74 72 71 69 fermata 69 71 69 67 66 64 66 67 69 71 fermata 67 69 71 72 71 72 71 69 68 69 fermata 69 76 72 74 76 74 72 71 fermata )
( 67 67 67 67 70 69 67 65 fermata 67 64 60 62 64 66 67 69 67 fermata 67 67 67 67 70 69 67 65 fermata 67 64 60 62 64 66 67 69 67 fermata 67 72 71 69 71 72 71 69 67 fermata 67 72 67 69 64 65 67 65 64 fermata 64 62 65 64 62 57 59 60 fermata )
( 79 81 79 77 76 77 79 77 76 77 76 fermata 74 76 77 79 77 76 74 72 74 72 fermata 79 81 79 77 76 77 79 77 76 77 76 fermata 74 76 77 79 77 76 74 72 74 72 fermata 72 74 76 77 76 74 76 74 72 fermata 72 74 76 77 79 81 76 78 79 fermata 76 77 79 81 79 77 76 77 77 76 fermata 81 81 81 74 79 77 76 74 fermata 77 76 74 72 74 72 70 69 67 67 fermata 72 74 76 77 79 77 76 74 76 77 74 74 72 fermata )
( 60 64 62 64 65 67 67 64 fermata 69 67 65 64 62 64 64 fermata 67 69 71 72 71 69 69 67 fermata 64 65 64 62 62 60 60 60 fermata )
( 72 72 72 71 69 69 67 72 74 74 76 76 fermata 76 76 74 76 76 76 74 72 74 74 72 72 fermata 72 72 72 71 69 69 67 72 74 74 76 76 fermata 76 76 74 76 76 76 74 72 74 74 72 72 fermata 72 72 74 76 74 74 76 72 71 71 69 69 fermata 74 74 72 71 72 69 69 67 67 fermata 67 72 72 72 74 74 74 76 74 76 72 72 fermata 72 77 77 77 76 74 76 74 74 fermata 74 76 76 76 77 77 77 79 79 79 72 72 fermata 76 74 72 71 72 69 69 67 67 fermata 67 72 72 71 69 69 67 74 76 76 74 74 fermata 76 77 77 76 74 72 71 72 74 76 74 74 72 72 fermata )
( 76 76 74 72 71 69 69 69 fermata 72 74 76 76 74 72 72 72 fermata 72 74 74 72 71 69 69 69 fermata 76 76 77 77 74 74 76 76 fermata 72 72 77 77 76 76 74 74 fermata 71 72 74 72 71 71 69 69 fermata 81 81 79 79 78 78 76 76 fermata 76 76 77 76 74 72 72 72 fermata 72 72 77 77 74 74 79 79 76 76 81 81 80 80 81 81 fermata )
( 72 72 74 76 78 79 79 78 79 fermata 76 77 76 74 76 74 74 72 fermata 72 72 74 76 78 79 79 78 79 fermata 76 77 76 74 76 74 74 72 fermata 74 74 76 77 77 76 74 76 74 fermata 76 76 76 77 79 81 81 80 81 fermata 83 84 76 77 76 74 74 74 fermata 79 81 79 77 76 77 74 74 72 fermata )
( 71 71 64 71 72 71 69 67 69 71 71 fermata 71 71 72 74 72 71 69 67 65 64 64 fermata 71 71 64 71 72 71 69 67 69 71 71 fermata 71 71 72 74 72 71 69 67 65 64 64 fermata 69 69 67 72 71 69 74 72 71 69 69 fermata 72 72 71 72 74 67 71 69 67 67 fermata 67 67 72 71 69 64 67 65 64 64 64 64 fermata )
( 79 81 79 77 79 67 67 72 72 76 76 79 81 79 77 79 79 81 79 77 79 67 67 72 72 76 76 79 81 79 77 79 fermata 79 81 79 77 79 67 67 72 72 76 76 79 81 79 77 79 79 81 79 77 79 67 67 72 72 76 76 79 81 79 77 79 79 81 79 77 79 67 67 72 72 76 76 79 81 79 77 79 fermata )
( 69 69 69 69 71 71 71 72 71 69 67 67 67 fermata 72 72 74 72 72 71 72 72 fermata 72 72 72 72 71 71 69 69 71 68 69 69 fermata 69 67 67 69 71 71 71 72 72 71 69 69 68 69 69 69 fermata )
( 72 67 69 71 72 74 76 74 72 72 71 72 72 72 fermata 76 74 72 71 69 67 69 71 72 74 72 71 72 71 69 fermata 72 67 69 71 72 74 76 74 72 72 71 72 72 72 fermata 76 74 72 71 69 67 69 71 72 74 72 71 72 71 69 fermata 76 77 76 74 76 74 72 74 76 69 fermata 76 77 76 74 76 74 72 74 76 69 fermata 72 71 69 67 69 65 64 65 64 fermata 69 67 72 72 71 72 fermata 67 69 71 72 74 76 74 72 71 71 69 fermata )
( 64 63 64 66 67 69 67 66 64 fermata 64 60 62 64 62 60 59 57 59 57 fermata 57 59 60 62 57 59 60 62 64 fermata 64 69 68 69 71 69 67 66 64 fermata 66 67 64 65 67 62 60 59 57 57 fermata 64 62 60 59 57 57 57 57 fermata )
( 71 72 71 69 71 72 74 76 74 72 71 71 fermata 74 72 71 72 69 67 64 65 67 65 64 64 64 fermata 71 72 71 69 71 72 74 76 74 72 71 71 fermata 74 72 71 72 69 67 64 65 67 65 64 64 64 fermata 67 65 64 62 64 60 62 64 fermata 71 72 71 69 71 72 74 72 71 fermata 76 74 72 71 72 74 69 67 65 64 fermata 62 67 69 71 72 74 72 71 69 fermata 72 71 69 67 65 64 65 67 65 64 64 64 64 64 fermata )
( 72 72 74 76 77 79 81 79 79 fermata 81 83 84 79 76 78 79 79 fermata 77 74 76 77 76 74 72 72 fermata 71 72 74 76 74 74 72 71 69 67 67 67 67 fermata 72 72 74 76 77 79 81 79 79 fermata 72 74 76 77 76 74 72 72 fermata )
( 65 65 65 64 68 67 65 64 fermata 64 64 64 65 62 64 64 65 fermata 67 67 70 67 63 65 67 68 fermata 68 67 65 64 fermata 64 64 64 65 62 64 64 65 fermata )
( 79 79 79 74 76 78 79 78 76 74 fermata 79 78 76 74 76 72 71 69 67 fermata 79 79 79 74 76 78 79 78 76 74 fermata 79 78 76 74 76 72 71 69 67 fermata 67 74 76 74 73 74 74 fermata 67 74 76 78 79 fermata 78 79 78 76 74 fermata 76 76 74 76 74 72 71 fermata 79 78 76 74 76 74 72 71 69 69 67 fermata )
( 64 69 67 65 64 62 62 64 fermata 71 72 72 71 71 69 69 69 fermata 64 69 67 65 64 62 62 64 fermata 71 72 72 71 71 69 69 69 fermata 72 71 67 69 71 72 72 72 fermata 67 69 67 69 65 64 64 64 fermata 72 71 72 74 72 71 69 69 71 fermata 64 65 64 62 67 64 64 64 fermata )
( 69 69 71 72 74 71 71 72 74 fermata 76 72 69 71 71 69 69 69 fermata 69 69 71 72 74 71 71 72 fermata 74 76 72 69 71 71 69 69 69 fermata 76 74 72 71 69 71 71 71 fermata 71 72 74 76 72 74 74 72 71 fermata 71 72 74 76 72 74 74 72 71 fermata 76 72 71 69 71 71 69 69 69 fermata )
( 60 67 67 69 71 72 72 72 fermata 76 74 72 72 71 72 72 72 fermata 60 67 67 69 71 72 72 72 fermata 76 74 72 72 71 72 72 72 fermata 72 74 76 76 74 74 72 71 69 71 67 fermata 71 72 71 69 69 67 67 67 fermata 67 64 65 67 69 67 67 65 64 64 fermata 67 65 64 62 62 60 60 60 fermata )
( 60 62 64 65 67 67 69 71 72 fermata 60 62 64 65 67 67 65 64 62 fermata 64 60 60 65 64 62 62 60 fermata 60 62 64 65 67 67 69 71 72 fermata 60 62 64 65 67 67 65 64 62 fermata 64 60 60 65 64 62 62 60 fermata 67 62 64 65 65 64 64 62 fermata 67 69 71 72 64 62 62 60 fermata )
( 72 72 71 69 67 72 74 76 72 fermata 67 72 74 76 77 74 72 74 72 fermata 72 72 71 69 67 72 74 76 72 fermata 67 72 74 76 77 74 72 74 72 fermata 72 69 71 72 71 69 67 66 67 fermata 67 72 74 76 77 76 74 76 fermata 74 76 77 79 77 76 74 72 74 72 fermata )
( 69 69 67 72 71 69 71 69 69 fermata 69 71 72 74 72 74 76 72 72 fermata 72 74 76 74 72 74 72 71 69 69 fermata 69 69 67 72 71 69 71 69 69 fermata )
( 72 74 76 74 72 71 69 67 fermata 72 74 76 77 76 74 72 72 fermata 72 74 76 74 72 71 69 67 fermata 72 74 76 77 76 74 72 72 fermata 76 77 79 77 76 74 76 76 fermata 79 79 81 79 77 76 74 74 fermata 76 79 77 76 74 72 74 76 76 72 72 fermata 76 77 79 77 76 74 76 74 74 72 72 fermata )
( 69 76 76 74 76 69 71 72 72 72 71 69 69 fermata 72 72 72 69 72 74 76 74 72 71 69 69 fermata 72 72 72 69 72 74 76 74 72 72 fermata 79 81 79 77 76 74 72 74 76 74 72 71 69 69 69 69 fermata )
( 72 72 69 71 72 74 76 74 76 77 74 72 fermata 72 71 69 71 72 74 72 71 71 69 fermata 72 72 69 71 72 74 76 74 76 77 74 72 fermata 72 71 69 71 72 74 72 71 71 69 fermata 74 76 76 71 72 74 72 72 71 fermata 72 74 69 71 72 71 69 71 72 69 67 fermata 72 71 69 71 72 74 72 71 71 69 fermata )
( 79 79 79 81 81 79 79 fermata 76 77 76 74 76 77 74 74 72 fermata 79 79 81 81 79 79 fermata 76 77 76 74 76 77 74 74 72 fermata 74 74 74 76 76 74 74 fermata 74 76 78 79 79 78 79 79 fermata 79 81 79 77 76 77 77 fermata 76 74 76 77 74 74 72 72 72 72 fermata )
( 69 64 66 68 69 71 72 74 72 71 71 69 fermata 72 71 69 71 72 74 76 76 fermata 69 64 66 68 69 71 72 74 72 71 71 69 fermata 72 71 69 71 72 74 76 76 fermata 76 77 79 72 77 76 74 72 fermata 74 74 76 69 74 72 71 71 71 69 69 69 fermata )
( 64 67 67 69 71 72 71 69 fermata 67 72 71 72 69 67 65 64 fermata 64 67 67 69 71 72 71 69 fermata 67 72 71 72 69 67 65 64 fermata 64 69 69 67 72 71 69 67 fermata 67 72 67 69 64 69 67 65 64 fermata 64 69 69 67 65 64 65 62 60 fermata 60 67 67 69 71 72 67 69 67 65 65 64 fermata )
( 72 74 76 77 79 72 71 69 67 fermata 69 71 72 74 76 77 74 72 72 fermata 72 74 76 77 79 72 71 69 67 fermata 69 71 72 74 76 77 74 72 72 fermata 76 76 74 76 77 76 74 74 72 74 fermata 69 71 72 74 76 77 74 72 71 72 fermata )
( 72 74 74 72 69 67 69 71 72 74 72 72 72 fermata 76 77 79 81 79 76 72 69 71 72 74 72 72 fermata 76 76 76 74 76 76 72 72 fermata 72 74 74 76 76 72 72 fermata 74 74 76 74 72 71 69 74 74 72 71 69 69 67 67 fermata 69 71 72 74 72 fermata )
( 76 76 71 72 74 72 71 71 69 fermata 72 72 71 69 68 69 71 71 fermata 76 76 71 72 74 72 71 71 69 72 72 71 69 fermata 68 69 71 71 fermata 71 72 74 72 71 72 71 69 69 67 fermata 72 74 76 74 72 77 76 74 72 fermata 71 72 74 76 74 72 71 71 fermata 69 71 72 71 74 72 71 69 69 69 fermata )
( 69 69 72 72 74 74 76 76 fermata 76 79 77 76 74 74 72 72 fermata 74 74 76 72 71 71 71 69 69 fermata 81 81 79 79 78 78 76 76 fermata 79 79 77 76 74 74 72 72 fermata 74 74 76 72 71 71 69 69 fermata )
( 77 76 74 72 fermata 72 74 76 77 fermata 79 77 76 74 76 77 74 74 72 fermata 77 76 77 79 fermata 79 81 79 77 79 fermata 72 74 76 77 79 81 82 79 79 77 fermata )
( 69 72 74 72 77 77 76 77 fermata 77 76 74 79 77 76 77 76 76 74 74 74 fermata 69 72 74 72 77 77 76 77 fermata 77 76 74 79 77 76 77 76 76 74 74 74 fermata 74 74 74 76 74 76 72 72 71 72 fermata 72 74 76 77 76 74 74 76 fermata 69 71 72 74 72 77 77 76 77 fermata 77 76 74 79 77 76 77 76 76 74 fermata )
( 76 72 74 76 79 77 77 76 fermata 79 77 76 74 74 76 76 76 fermata 76 72 74 76 79 77 77 76 fermata 79 77 76 74 74 76 76 76 fermata 74 74 74 76 74 72 74 71 fermata 71 72 74 76 74 76 77 76 74 74 72 72 72 )
( 67 67 72 67 69 67 65 65 67 65 64 62 67 65 64 69 67 66 62 67 67 66 67 67 67 67 72 67 69 67 65 65 67 65 64 62 67 65 64 69 67 66 62 67 67 66 67 67 62 64 65 64 69 71 68 68 69 67 66 67 67 66 67 62 62 67 65 64 69 68 69 69 68 69 69 72 67 69 64 65 67 65 64 62 60 59 60 60 59 60 60 fermata )
( 60 62 64 65 67 67 65 64 62 fermata 67 69 71 72 71 69 69 67 fermata 60 62 64 65 67 67 65 64 62 fermata 67 69 71 72 71 69 69 67 fermata 67 72 71 69 67 65 64 62 fermata 67 65 64 62 64 65 64 62 60 fermata )
( 69 69 69 76 74 76 74 72 71 fermata 69 71 72 71 72 74 76 74 72 71 fermata 72 71 69 69 74 74 72 71 72 74 72 71 69 69 67 fermata 67 72 71 72 74 76 74 72 71 fermata 69 71 72 71 72 74 76 74 72 71 fermata 76 76 76 74 74 72 71 72 74 71 71 69 fermata )
( )
( 64 64 60 62 64 60 59 57 fermata 64 64 62 67 64 60 62 64 fermata 64 66 67 69 71 72 71 69 68 69 fermata 69 71 69 67 66 64 63 64 fermata 69 67 66 67 64 64 62 60 fermata 64 65 64 62 60 62 60 59 57 fermata )
( 69 71 72 72 fermata 72 74 76 76 fermata 76 76 74 72 71 71 69 69 69 fermata 76 76 77 77 76 76 74 74 fermata 74 74 76 76 74 74 72 72 fermata 72 74 76 74 72 71 71 69 69 fermata )
( 62 69 69 67 74 72 71 69 fermata 72 71 69 71 71 69 69 69 fermata 71 72 71 72 69 67 65 64 62 fermata 69 69 67 65 64 62 60 60 fermata 69 65 72 69 67 65 67 69 fermata 67 65 64 62 60 65 64 62 61 62 62 62 62 fermata )
( 64 60 62 64 65 67 65 65 64 fermata 64 65 67 67 62 64 62 60 60 59 fermata 55 60 62 64 65 67 65 64 62 62 62 fermata 64 60 62 64 65 67 65 65 64 fermata 64 65 67 67 62 64 62 60 60 59 fermata 55 60 62 64 62 64 65 64 62 60 fermata )
( 72 72 72 74 72 77 79 77 77 fermata 76 77 79 81 79 77 76 74 72 fermata 72 77 76 79 74 76 78 79 78 79 fermata 79 74 74 74 76 77 76 74 72 74 76 74 74 fermata 76 77 79 77 79 81 79 77 79 81 83 81 83 84 fermata )
( 72 67 69 71 72 74 76 74 72 fermata 76 77 79 79 77 76 77 79 77 77 76 fermata 76 77 76 74 72 74 76 76 72 fermata 76 77 79 79 76 77 79 77 77 76 fermata 76 77 76 74 72 74 76 76 72 fermata 74 76 76 69 71 72 71 69 67 fermata 67 72 74 76 74 76 77 76 74 74 72 72 72 fermata )
( 69 69 69 76 74 72 76 74 72 71 71 71 fermata 76 76 78 79 79 78 76 75 75 76 76 76 fermata 76 74 71 72 74 76 74 72 71 72 72 72 fermata 79 81 79 76 74 72 71 69 68 69 69 69 fermata )
( 72 79 79 79 79 81 79 77 76 fermata 74 76 78 79 81 81 79 79 79 fermata 79 79 79 79 76 77 79 77 76 74 fermata 79 77 76 74 74 72 74 76 77 79 fermata 79 77 76 74 76 74 72 72 72 fermata )
( 69 71 72 71 69 fermata 69 71 72 71 69 fermata 76 74 72 71 fermata 71 72 72 74 74 76 76 74 72 71 71 69 fermata 76 74 72 71 fermata 76 74 72 71 fermata 71 72 72 74 74 76 76 74 72 71 71 69 fermata )
( 62 64 65 65 67 69 69 62 67 65 64 64 64 fermata 67 69 71 72 72 71 69 67 69 71 72 72 72 72 fermata 67 69 71 72 72 71 69 67 69 71 72 72 67 65 64 65 67 69 69 69 fermata 62 64 65 65 67 69 70 72 72 69 67 65 64 65 67 65 64 64 64 64 64 64 64 64 64 64 64 64 64 64 fermata )
( 76 72 71 72 71 fermata 68 69 69 68 fermata 76 76 76 77 76 74 74 74 72 72 fermata 71 72 74 76 74 72 71 71 fermata 69 71 72 74 72 71 71 69 fermata )
( 72 71 69 67 65 64 69 69 67 fermata 72 71 69 67 65 64 69 69 67 fermata 67 69 71 72 74 76 74 72 74 72 fermata 72 71 69 67 65 64 69 69 67 fermata 72 71 69 67 65 64 69 69 67 fermata 67 69 71 72 74 76 74 72 74 72 fermata 72 72 74 72 69 71 72 72 71 fermata 71 72 74 72 69 71 72 72 71 fermata 76 77 76 74 76 74 72 72 71 72 fermata 71 72 71 69 67 67 66 67 fermata 76 74 72 71 fermata 76 77 76 74 76 74 72 72 71 72 fermata 72 72 72 74 72 72 71 72 fermata )
( 69 69 69 68 fermata 64 69 71 72 72 74 72 71 fermata 71 72 74 76 74 72 77 77 76 75 74 74 74 72 fermata 72 71 69 67 64 65 67 67 69 67 65 65 64 fermata 76 74 72 71 71 71 69 69 69 fermata )
( 69 70 72 74 72 70 69 69 69 fermata 72 74 76 77 77 76 76 76 74 fermata 69 70 72 74 72 70 69 69 69 fermata 72 74 76 77 77 76 76 76 74 fermata 79 77 76 77 76 74 72 72 72 72 fermata 72 74 76 77 77 76 76 76 fermata 72 72 74 72 70 69 69 69 fermata 72 74 76 77 77 76 77 77 77 fermata )
( 64 62 60 62 64 65 67 67 fermata 69 67 65 64 62 62 62 60 60 fermata 64 67 65 64 62 60 59 59 fermata 60 62 64 64 65 65 64 64 fermata 64 65 67 65 64 62 64 64 fermata 62 62 64 66 67 67 66 67 67 fermata 67 64 69 67 65 64 62 62 fermata 64 65 67 65 64 62 62 62 60 60 fermata )
( 64 69 71 72 71 69 71 69 68 64 fermata 67 67 65 64 69 69 68 69 69 69 fermata 64 69 71 72 71 69 71 69 68 64 fermata 67 67 65 64 69 69 68 69 69 69 fermata 71 72 74 76 76 74 72 72 fermata 76 74 72 71 69 71 72 71 69 fermata )
( 76 72 74 76 77 79 77 77 76 fermata 76 79 79 74 77 76 72 72 71 fermata 67 72 74 76 77 79 77 76 74 74 74 fermata 76 72 74 76 77 79 77 77 76 fermata 76 77 79 79 74 76 72 72 71 fermata 67 72 74 76 77 79 77 76 74 72 fermata )
( 67 72 74 76 81 79 77 76 fermata 81 79 77 76 77 79 74 74 72 fermata 67 72 74 76 81 79 77 76 fermata 81 79 77 76 77 79 74 74 72 fermata 79 81 81 74 fermata 74 79 79 72 fermata 76 74 72 71 72 71 69 69 67 fermata 79 77 76 74 76 77 74 74 72 fermata )
( 57 59 60 62 64 62 67 66 64 64 fermata 62 67 66 64 62 60 59 57 fermata 57 59 60 62 64 62 67 66 64 64 fermata 62 67 66 64 62 60 59 57 fermata 57 62 62 59 64 64 63 64 fermata 64 69 69 71 69 67 69 67 66 64 fermata 66 67 66 64 62 64 62 60 59 fermata 57 59 60 62 64 62 60 62 60 59 57 fermata 69 69 69 71 69 67 66 64 fermata )
( 72 74 76 74 72 71 69 67 fermata 72 74 76 77 76 74 72 72 fermata 72 74 76 74 72 71 69 67 fermata 72 74 76 77 76 74 72 72 fermata 76 77 79 77 76 74 76 76 fermata 79 79 81 79 77 76 74 74 fermata 76 77 79 77 76 74 72 74 76 76 72 72 fermata 76 77 79 77 76 74 76 74 74 72 72 fermata )
( 60 60 62 64 62 64 65 64 62 62 60 60 fermata 64 65 64 62 60 59 60 62 fermata 67 65 64 62 60 59 60 57 55 fermata 64 65 64 62 60 64 62 60 fermata )
( 79 81 79 77 76 77 79 74 74 fermata 76 78 79 79 fermata 79 81 79 74 76 77 76 74 72 fermata 72 74 76 77 76 77 79 79 74 72 71 69 67 67 fermata 67 72 74 76 77 79 79 77 76 74 76 76 fermata 76 77 79 81 79 74 76 78 79 fermata 79 81 79 74 76 77 76 74 72 fermata 72 74 76 77 76 77 79 79 74 72 71 69 67 67 fermata 67 72 74 76 77 79 79 77 76 74 69 71 72 fermata 74 76 72 69 69 67 fermata 74 76 77 76 76 74 74 72 fermata )
( 67 67 67 69 69 67 67 fermata 72 74 72 71 69 69 67 67 fermata 69 71 72 67 65 64 65 64 62 62 60 fermata 67 67 67 69 69 67 67 fermata 72 74 72 71 69 69 67 67 fermata 69 71 72 67 65 64 65 64 62 62 60 fermata 67 67 67 69 67 66 67 69 67 67 fermata 67 67 69 71 72 71 69 69 67 67 fermata 71 72 74 74 74 69 67 64 62 62 fermata 64 66 67 65 64 66 66 67 67 fermata 62 64 65 64 62 64 62 60 60 fermata 67 67 67 69 67 66 67 69 67 67 67 fermata )
( 69 71 72 71 69 68 69 71 72 71 69 fermata 72 74 74 76 72 74 74 76 fermata 76 77 76 77 79 77 76 74 72 74 72 fermata 76 72 74 72 71 69 68 69 69 fermata )
( 69 69 68 69 71 72 71 69 fermata 69 71 71 76 74 72 72 71 fermata 69 69 68 69 71 72 71 69 fermata 69 71 71 76 74 72 72 71 fermata 76 74 72 71 72 74 72 71 69 fermata 72 71 69 67 66 64 66 67 69 71 fermata 71 72 74 76 74 72 74 72 71 71 69 69 69 fermata )
( 64 69 67 65 64 62 62 64 fermata 71 72 72 71 69 71 69 69 69 fermata 64 69 67 65 64 62 62 64 fermata 71 72 72 71 69 71 69 69 69 fermata 72 71 69 67 69 71 72 72 72 fermata 67 69 67 65 64 65 64 64 64 fermata 72 71 72 74 72 71 69 69 71 fermata 64 65 64 62 67 64 64 64 fermata )
( 60 60 59 60 60 64 67 65 64 62 62 62 fermata 55 57 59 60 60 59 60 60 fermata 60 62 64 62 64 65 67 67 62 62 62 62 62 62 64 64 64 fermata 60 59 57 57 56 57 57 57 fermata )
( 72 74 76 74 72 71 69 69 67 67 fermata 72 74 76 77 76 74 72 72 72 72 fermata 72 74 76 74 72 71 69 69 67 67 fermata 72 74 76 77 76 74 72 72 72 72 fermata 76 77 79 77 76 74 76 76 fermata 79 79 81 79 77 76 74 74 fermata 76 77 79 77 76 74 72 74 76 76 72 72 fermata 76 77 79 77 76 74 76 77 74 74 72 72 fermata )
( 72 72 79 79 77 76 74 76 77 76 74 72 72 fermata 72 74 76 77 74 79 81 79 fermata 76 76 77 79 77 76 74 72 74 76 74 fermata 76 72 74 76 77 fermata 76 74 76 77 fermata 76 74 72 79 77 76 77 76 74 74 72 72 72 fermata )
( 69 69 69 68 66 64 69 71 72 72 74 72 71 fermata 71 72 74 76 74 72 77 77 76 74 76 74 74 72 fermata 72 71 69 67 64 65 67 67 69 67 65 65 64 fermata 76 74 72 71 71 69 69 69 fermata )
( 72 72 74 76 76 74 72 72 71 72 72 72 fermata 72 72 72 74 72 71 69 69 68 69 69 fermata 71 72 72 74 76 77 79 77 76 74 76 76 76 fermata 76 76 76 74 74 74 76 74 72 71 71 71 fermata 71 71 73 74 72 71 69 69 68 69 69 fermata 71 72 72 74 76 76 76 76 75 75 76 76 76 fermata )
( 64 69 67 65 64 62 62 64 fermata 71 72 72 71 69 71 69 69 69 fermata 64 69 67 65 64 62 62 64 fermata 71 72 72 71 69 71 69 69 69 fermata 72 71 69 67 69 71 72 72 72 fermata 67 69 67 65 65 64 64 64 fermata 72 71 72 74 72 71 69 69 71 fermata 64 65 64 62 67 64 64 64 fermata )
( 76 76 76 76 74 72 71 71 fermata 72 74 76 76 74 72 71 71 fermata 69 71 72 69 69 67 65 64 64 fermata 65 67 69 69 67 65 64 64 fermata 69 68 69 71 72 71 69 69 fermata 72 74 76 76 74 72 71 71 fermata 69 71 72 69 69 67 65 64 64 fermata 65 67 69 69 67 65 64 64 64 64 64 64 fermata )
( 76 74 72 74 76 77 79 79 fermata 81 79 77 76 74 74 74 72 72 fermata 76 79 77 76 74 72 71 71 fermata 72 74 76 76 77 79 77 77 76 76 fermata 76 74 76 77 79 77 76 74 76 76 fermata 74 74 76 78 79 79 78 79 79 fermata 79 76 81 79 77 76 74 74 74 fermata 76 76 77 79 77 76 74 74 74 72 72 fermata )
( 72 74 74 72 71 69 67 69 71 72 74 72 72 72 fermata 76 77 79 81 79 77 76 74 72 71 69 71 72 72 fermata 76 76 76 74 76 76 72 fermata 72 74 76 77 76 74 72 72 fermata 74 76 77 76 74 72 71 69 71 72 74 72 71 69 67 67 fermata 69 71 72 72 72 71 72 fermata )
( 67 64 62 60 67 67 69 69 fermata 69 62 62 67 65 64 62 60 fermata 67 69 69 67 65 64 64 fermata 62 64 66 67 69 71 69 67 67 fermata 67 67 67 72 70 69 69 fermata 69 69 69 74 72 71 71 fermata 67 69 67 69 71 72 72 fermata 67 67 65 64 62 62 60 60 60 fermata )
( 60 67 64 62 60 67 69 71 72 69 67 fermata 67 69 71 72 71 69 72 71 69 67 fermata 64 69 67 65 64 62 62 60 fermata 60 67 64 62 60 67 69 71 72 69 67 fermata 67 69 71 72 71 69 72 71 69 67 fermata 64 69 67 65 64 62 62 60 fermata 67 67 64 64 fermata 67 67 64 64 fermata 64 64 62 62 64 64 62 64 65 64 62 62 60 60 fermata 72 71 69 67 65 64 62 62 60 fermata )
( 69 69 64 69 69 67 67 66 66 66 64 64 fermata 60 60 64 62 60 59 60 59 57 57 57 57 fermata 69 69 64 69 69 67 67 66 66 66 64 64 fermata 60 60 64 62 60 59 60 59 57 57 57 57 fermata 60 60 62 64 65 65 64 64 62 62 60 60 fermata 60 60 62 64 65 65 64 64 62 62 60 60 fermata 64 66 67 64 69 69 68 68 fermata 69 72 71 69 69 68 69 69 fermata )
( 69 69 71 72 74 71 71 72 74 fermata 76 72 69 71 71 69 69 69 fermata 69 69 71 72 74 71 71 72 fermata 74 76 72 69 71 71 69 69 69 fermata 76 74 72 71 69 71 71 71 fermata 71 72 74 76 72 74 74 72 71 fermata 71 72 74 76 72 74 74 72 71 fermata 76 72 71 69 71 71 69 69 69 fermata )
( 72 72 79 76 74 72 71 72 71 69 67 72 74 76 77 74 74 72 fermata 72 72 79 76 74 72 71 72 71 69 67 72 74 76 77 74 74 72 fermata 79 77 76 74 72 81 81 fermata 76 77 79 79 81 79 77 76 74 74 fermata 67 69 71 72 74 76 77 74 74 72 fermata )
( 69 69 69 68 69 71 72 71 69 fermata 72 74 74 76 74 72 74 74 76 fermata 76 76 74 76 74 72 74 72 71 69 fermata 69 71 72 72 74 72 71 69 69 69 fermata 74 76 74 69 71 72 71 69 71 69 fermata 69 69 67 72 74 76 74 72 74 74 76 76 fermata 77 77 76 74 76 77 74 72 72 72 72 fermata 76 76 74 72 74 76 77 76 76 fermata 79 76 77 76 74 76 76 77 76 77 79 77 76 74 74 72 72 fermata 76 76 72 74 72 71 69 69 fermata 67 69 71 72 69 69 69 69 fermata 67 69 71 72 71 69 69 69 68 69 69 69 fermata )
( 69 69 68 69 71 72 71 69 fermata 69 71 71 76 74 72 72 71 fermata 69 69 68 69 71 72 71 69 fermata 69 71 71 76 74 72 72 71 fermata 76 74 72 71 74 72 71 69 fermata 72 71 69 67 66 64 66 67 69 71 fermata 71 72 74 76 74 72 74 72 71 71 69 69 69 fermata )
( 72 72 72 71 69 71 72 74 74 74 72 72 fermata 72 72 72 74 71 69 67 72 72 72 71 71 fermata 71 72 72 72 74 74 76 74 74 74 74 74 fermata 76 77 77 76 74 76 74 72 72 74 74 72 72 72 fermata )
( 69 69 71 72 71 76 76 74 72 71 fermata 72 71 69 76 74 76 69 71 73 74 fermata 72 71 76 74 72 71 71 fermata 69 71 72 72 74 74 76 76 72 fermata 76 74 72 71 69 71 72 71 69 fermata )
( 76 77 79 79 77 76 74 74 fermata 76 77 79 77 76 74 72 72 72 fermata 76 77 79 79 77 76 74 74 fermata 76 77 79 77 76 74 72 72 72 fermata 74 76 77 77 76 76 74 74 fermata 77 79 81 81 79 79 77 77 fermata 76 77 79 79 77 76 74 74 fermata 76 77 79 77 76 74 72 72 72 fermata )
( 64 64 62 60 59 59 57 57 fermata 64 64 66 68 69 69 68 68 fermata 69 71 72 71 71 69 69 69 69 fermata 64 64 62 60 59 59 57 57 fermata 64 64 66 68 69 69 68 68 fermata 69 71 72 71 71 69 69 69 69 fermata 64 64 65 64 62 64 65 62 60 60 fermata 64 66 67 64 69 67 66 66 66 64 64 fermata 64 69 62 60 59 59 59 57 57 57 57 fermata )
( 72 74 74 72 71 69 67 69 71 72 72 72 fermata 76 77 79 81 79 77 76 74 72 71 69 71 72 72 fermata 76 76 76 74 76 76 72 fermata 72 74 76 77 76 74 76 72 72 fermata 74 76 77 76 74 72 71 69 67 72 74 76 74 72 71 69 67 67 fermata 69 71 72 72 74 74 72 72 72 fermata )
( 69 69 71 72 74 71 72 74 fermata 76 72 69 71 71 69 69 69 fermata 69 69 71 72 74 71 72 74 fermata 76 72 69 71 71 69 69 69 fermata 76 74 72 71 69 71 71 71 fermata 71 72 74 76 76 74 74 71 fermata 71 72 74 76 76 74 72 71 fermata 76 74 72 71 69 71 71 69 69 69 fermata )
( 69 69 69 67 69 65 64 62 fermata 69 71 72 74 69 71 72 71 69 fermata 69 69 69 67 69 65 64 62 fermata 69 71 72 74 69 71 72 71 69 fermata 72 72 72 70 69 67 65 67 69 67 65 fermata 69 69 69 67 65 64 64 64 62 fermata 69 69 67 69 71 72 71 69 67 fermata 74 76 74 69 71 72 71 69 71 71 69 69 69 fermata )
( 72 72 74 76 74 72 71 71 69 fermata 76 77 74 76 74 72 72 72 fermata 72 72 74 76 74 72 71 71 69 fermata 76 77 74 76 74 72 72 72 fermata 72 74 76 76 77 77 79 77 76 74 fermata 79 76 76 74 72 71 71 69 fermata 76 77 74 76 74 72 72 72 fermata )
( 72 72 74 76 77 79 79 79 78 79 79 fermata 76 77 77 76 74 74 74 72 71 71 72 72 72 fermata 72 72 74 76 77 79 79 79 78 79 79 fermata 76 77 77 76 74 74 74 72 71 71 72 72 72 fermata 74 74 76 77 77 77 76 74 76 74 74 74 fermata 76 76 76 77 79 81 81 80 80 81 81 fermata 83 84 84 76 77 77 76 74 74 fermata 79 81 79 77 76 74 74 72 72 72 fermata )
( 76 72 74 76 77 79 77 77 76 fermata 76 77 79 79 74 76 72 72 74 fermata 67 72 74 76 76 77 74 74 74 fermata 76 72 74 76 77 79 77 77 76 fermata 76 77 79 79 74 76 72 72 71 fermata 67 72 74 76 77 76 74 72 fermata )
( 64 69 71 72 71 69 71 68 68 64 fermata 67 67 65 64 69 69 68 69 69 69 fermata 64 69 71 72 71 69 71 68 68 64 fermata 67 67 65 64 69 69 68 69 69 69 fermata 71 72 74 76 74 76 77 74 74 72 fermata 76 74 72 71 69 71 72 74 71 69 fermata )
( 69 69 69 68 64 69 71 72 72 74 72 71 fermata 71 72 74 76 74 72 77 77 76 74 76 74 74 72 fermata 72 71 69 67 65 64 65 67 67 69 67 65 65 64 fermata 76 74 72 71 71 69 69 69 fermata )
( 76 74 72 74 76 78 79 79 fermata 81 79 77 76 74 74 74 72 72 fermata 76 79 77 76 74 72 71 71 fermata 72 74 76 76 77 79 77 77 76 76 fermata 76 77 79 77 76 74 76 76 fermata 74 74 76 78 79 79 78 79 79 fermata 79 76 81 79 77 76 74 74 74 fermata 76 79 77 76 74 74 74 72 72 fermata )
( 72 71 69 67 65 64 69 69 67 fermata 72 71 69 67 65 64 69 69 67 fermata 67 69 71 72 74 76 74 72 72 71 72 72 72 fermata 72 71 69 67 65 64 69 69 67 fermata 72 71 69 67 65 64 69 69 67 fermata 67 69 71 72 74 76 74 72 72 71 72 72 72 fermata 72 72 74 72 71 69 71 72 72 71 fermata 71 72 74 72 71 69 71 72 76 74 71 fermata 76 76 76 74 72 72 71 72 fermata 71 72 71 69 67 67 66 67 fermata 76 74 72 71 fermata 76 77 76 74 76 72 72 71 72 fermata 72 72 72 74 72 72 72 72 71 72 72 72 fermata )
( 60 67 67 69 71 72 72 72 fermata 76 74 72 72 71 72 72 72 fermata 60 67 67 69 71 72 72 fermata 72 76 74 72 72 71 72 72 72 fermata 72 74 76 76 74 72 71 69 71 67 fermata 71 72 71 69 69 67 67 67 fermata 67 64 65 67 69 67 67 65 64 fermata 67 65 64 62 62 60 60 60 fermata )
( 69 69 71 72 71 71 69 68 69 69 68 69 71 71 71 fermata 71 72 72 71 72 74 74 76 72 71 71 69 69 69 fermata 71 71 72 74 74 72 71 69 69 67 67 67 fermata 74 76 78 79 78 78 76 76 75 76 76 76 fermata 76 76 76 74 72 71 72 74 76 74 72 71 71 71 fermata 76 76 76 74 76 77 76 74 72 71 71 71 fermata 71 72 72 71 72 74 74 76 72 71 71 69 69 69 fermata )
( 64 64 60 62 64 62 60 59 57 fermata 64 64 62 67 64 62 60 62 64 fermata 64 66 67 69 71 72 71 69 68 69 fermata 69 71 69 67 66 64 66 64 fermata 69 67 66 67 65 64 64 62 60 fermata 64 65 64 62 60 62 60 59 57 fermata )
( 69 69 69 68 64 69 71 72 72 74 72 71 72 71 fermata 71 72 74 76 77 76 72 77 77 76 74 72 74 74 74 72 fermata 72 71 69 67 66 64 66 67 67 69 67 65 65 64 fermata 76 74 72 71 71 71 69 69 69 fermata )
( 64 69 71 72 71 69 71 68 68 64 64 fermata 67 67 65 64 69 69 68 69 fermata 64 69 71 72 71 69 71 68 68 64 64 fermata 67 67 65 64 69 69 68 69 fermata 71 72 74 76 76 74 72 72 fermata 76 74 72 71 69 71 72 71 69 fermata )
( 76 76 76 76 74 72 71 71 fermata 72 74 76 76 74 72 71 71 fermata 69 71 72 69 69 67 65 64 64 fermata 65 67 69 69 67 65 64 64 fermata 69 68 69 71 72 71 69 69 69 fermata 72 74 76 76 74 72 71 71 71 fermata 69 71 72 71 69 69 67 65 64 64 fermata 65 67 69 69 67 65 64 64 64 64 64 64 fermata )
( 69 69 71 72 74 71 69 67 fermata 67 69 69 71 71 64 64 64 fermata 69 69 71 72 74 71 69 67 fermata 67 69 69 71 71 64 64 64 fermata 76 74 72 71 69 71 71 71 fermata 71 72 74 76 76 74 74 71 fermata 74 72 71 69 69 71 69 67 fermata 65 64 69 71 72 71 69 69 69 fermata )
( 69 70 72 74 72 77 77 76 77 fermata 77 76 74 79 77 76 76 76 74 fermata 69 70 72 74 72 77 77 76 77 fermata 77 76 74 79 77 76 76 76 74 fermata 74 74 74 76 74 72 72 71 72 fermata 72 74 76 77 76 74 74 76 fermata 69 70 72 74 72 77 77 76 77 fermata 77 76 74 79 77 76 76 76 74 fermata )
( 79 72 77 76 74 77 76 76 fermata 79 72 77 76 74 77 76 76 fermata 79 72 77 76 74 77 76 76 fermata 79 72 77 76 74 77 76 76 fermata 79 79 77 76 74 76 78 79 79 fermata 79 72 81 79 77 79 76 76 fermata )
( 76 72 74 76 77 79 77 77 76 fermata 76 77 79 79 74 76 72 72 71 fermata 67 72 74 76 76 74 74 74 fermata 76 72 74 76 77 79 77 77 76 fermata 76 77 79 79 74 76 72 72 71 fermata 67 72 74 76 77 76 74 72 fermata )
( 72 72 79 79 77 76 74 76 77 76 74 72 fermata 72 74 76 77 74 79 81 79 fermata 76 76 77 79 77 76 74 72 74 76 74 74 fermata 76 72 74 76 77 fermata 76 74 76 77 fermata 76 74 72 79 77 76 77 76 74 74 72 fermata )
( 69 71 72 74 76 74 79 78 76 76 fermata 74 79 78 76 74 72 71 69 fermata 69 71 72 74 76 74 79 78 76 76 fermata 74 79 78 76 74 72 71 69 fermata 69 74 74 71 76 76 75 76 fermata 76 81 81 83 81 79 81 79 78 76 fermata 78 79 78 76 74 76 74 72 71 fermata 69 71 72 74 76 74 72 74 72 71 69 fermata 81 81 81 83 81 79 78 76 fermata )
( 69 70 72 74 72 77 77 76 77 fermata 77 76 74 79 77 76 76 76 74 fermata 69 70 72 74 72 77 77 76 77 fermata 77 76 74 79 77 76 76 76 74 fermata 74 74 74 76 77 76 74 72 72 71 72 fermata 72 74 76 77 76 74 74 76 fermata 69 70 72 74 72 77 77 76 77 fermata 77 76 74 79 77 76 76 76 74 fermata )
( 76 77 79 79 77 76 74 74 fermata 76 77 79 77 76 74 74 72 72 72 fermata 76 77 79 79 77 76 74 74 fermata 76 77 79 77 76 74 74 72 72 72 fermata 74 76 77 76 77 79 76 76 74 74 fermata 77 79 81 79 81 82 81 79 77 77 77 fermata 76 77 79 79 77 76 74 74 fermata 76 77 79 72 74 76 74 72 72 72 fermata )
( 64 69 68 69 71 72 67 65 64 fermata 64 62 67 64 69 68 69 71 fermata 72 71 69 67 65 64 65 67 62 62 60 fermata 72 71 69 67 67 69 67 65 64 64 fermata 62 67 65 64 72 71 68 69 71 fermata 72 74 72 71 69 68 69 71 71 69 69 fermata 72 72 71 69 68 76 69 66 68 69 69 fermata )
( 69 69 71 72 74 71 72 72 71 72 74 fermata 76 74 72 71 69 72 71 69 69 69 69 fermata 69 69 71 72 74 71 72 72 71 72 74 fermata 76 74 72 71 69 72 71 69 69 69 69 fermata 76 74 72 71 69 71 71 71 fermata 71 72 74 76 76 74 72 71 72 71 fermata 71 72 74 76 76 74 72 71 72 71 fermata 76 74 72 71 69 72 71 69 69 69 69 fermata )
( 76 76 76 76 fermata 81 79 79 77 77 76 fermata 72 74 74 76 77 79 77 76 74 74 72 fermata 74 74 74 74 fermata 76 74 72 72 74 72 71 71 71 fermata 71 72 72 74 74 76 77 79 77 76 74 74 72 fermata )
( 72 74 76 77 79 77 76 74 76 fermata 76 76 74 76 77 76 74 72 74 72 fermata 72 74 76 77 79 77 76 74 76 fermata 76 76 74 76 77 76 74 72 74 72 fermata 72 74 76 77 76 74 76 74 fermata 74 76 77 79 77 76 74 76 fermata 72 74 76 77 76 74 72 69 71 72 fermata )
( 69 69 69 67 69 65 64 62 fermata 69 71 72 74 69 71 72 71 69 fermata 69 69 69 67 69 65 64 62 fermata 69 71 72 74 69 71 72 71 69 fermata 72 72 72 70 69 67 65 67 69 67 65 fermata 69 69 69 67 65 64 64 64 62 fermata 69 69 67 69 71 72 71 69 67 fermata 74 76 74 69 71 72 71 69 71 71 69 69 69 fermata )
( 69 69 69 69 69 69 71 73 74 fermata 74 76 76 74 69 69 71 73 74 fermata 74 76 76 74 69 71 69 67 fermata 69 71 73 74 74 fermata 72 71 69 71 72 fermata 71 69 69 69 69 fermata )
( 72 72 79 79 77 79 76 72 fermata 76 76 74 74 72 74 71 67 fermata 74 74 76 74 72 71 69 67 67 67 fermata 79 79 79 81 77 79 76 72 fermata 76 76 74 74 72 74 71 67 fermata 72 74 76 77 79 77 76 74 72 72 72 fermata )
( 76 76 76 76 81 79 77 76 fermata 76 77 79 71 72 74 76 76 76 fermata 76 76 76 76 81 79 77 76 fermata 76 77 79 71 72 74 76 76 76 fermata 74 74 74 74 74 76 76 74 fermata 74 76 78 79 79 78 79 79 79 fermata 79 76 76 77 79 81 81 76 fermata 76 74 72 71 71 69 69 69 69 fermata )
( 76 76 79 79 76 76 76 76 77 77 76 76 74 74 74 74 72 72 72 72 fermata 76 76 79 79 74 74 74 74 74 74 74 74 69 69 72 72 71 71 69 69 69 69 fermata )
( 76 74 72 74 79 76 72 74 74 fermata 72 72 72 72 74 76 74 74 72 72 72 72 fermata 76 74 72 74 79 76 72 74 74 fermata 72 72 72 72 74 76 74 74 72 72 72 72 fermata 67 67 69 71 72 74 71 67 fermata 72 72 72 72 74 76 74 74 72 72 72 72 fermata )
( 72 72 74 74 76 76 fermata 74 77 77 76 74 74 72 72 fermata 74 74 72 70 69 69 67 67 fermata 67 74 74 72 74 76 77 76 74 74 72 72 fermata 72 70 72 74 72 72 70 69 69 69 69 fermata 69 69 67 67 72 72 74 76 77 77 77 77 fermata 77 77 76 74 72 74 76 76 76 76 fermata 69 67 72 74 76 77 77 77 77 fermata 77 77 76 74 72 fermata 74 74 72 70 69 67 67 fermata 67 74 74 72 74 76 77 76 74 74 72 72 fermata 72 70 72 74 72 72 70 69 69 69 69 fermata 76 76 77 77 79 79 fermata 76 79 77 76 74 72 72 fermata 76 77 79 76 77 79 77 76 74 72 fermata 74 74 72 70 69 67 67 fermata 67 74 74 72 74 76 77 76 74 74 72 72 fermata 72 70 72 74 72 72 70 69 69 69 69 fermata )
( 57 57 64 62 64 59 60 60 59 59 fermata 62 62 60 59 57 56 57 57 fermata 64 64 69 67 66 64 66 67 66 64 64 fermata 66 67 64 64 59 60 60 59 59 fermata 57 59 60 62 64 62 60 59 57 57 fermata 69 69 71 69 71 68 69 69 69 69 fermata 71 66 67 64 64 59 60 60 59 59 fermata 64 63 64 66 67 66 64 63 64 64 fermata 66 68 69 69 64 62 64 59 60 60 59 59 fermata 62 62 60 59 57 56 57 59 60 59 59 57 57 fermata 60 62 64 66 67 66 64 64 fermata 62 60 59 57 57 fermata 59 59 60 62 60 62 57 56 57 57 57 57 fermata )
( 69 64 69 69 71 67 66 66 64 64 fermata 60 64 62 60 59 57 57 57 57 57 fermata 69 64 69 69 71 67 66 66 64 64 fermata 60 64 62 60 59 57 57 57 57 57 fermata 60 62 64 64 65 64 62 62 60 60 fermata 60 62 64 64 65 64 62 62 60 60 fermata 64 66 67 64 69 69 68 68 fermata 69 71 72 71 69 69 68 69 69 fermata )
( 67 67 69 71 72 72 71 fermata 69 72 67 64 65 64 62 60 60 fermata 67 67 69 71 72 72 71 fermata 69 72 67 64 65 64 62 60 60 fermata 60 62 64 62 60 62 64 fermata 72 71 72 74 72 71 69 67 fermata 67 67 72 71 67 69 67 65 64 fermata 62 64 65 67 65 64 62 60 60 fermata 60 62 64 62 60 62 64 fermata 72 71 72 74 72 71 69 67 fermata 67 67 72 71 67 69 67 65 64 fermata 62 64 65 67 65 64 62 60 60 fermata 60 62 64 62 60 62 64 fermata 67 67 67 64 65 64 62 60 60 fermata )
( 72 76 79 76 74 76 78 79 fermata 81 79 77 76 74 72 74 76 74 72 fermata 74 76 76 74 79 79 78 79 fermata 76 77 76 74 72 72 71 72 fermata )
( 72 72 74 76 76 fermata 76 77 76 74 74 fermata 74 72 74 76 74 72 72 74 fermata 74 76 74 72 72 71 71 72 72 72 72 fermata 72 72 74 76 76 fermata 76 77 76 74 74 fermata 74 72 74 76 74 72 72 74 fermata 74 76 74 72 72 71 71 72 72 72 72 fermata 76 77 76 74 74 fermata 74 72 72 71 71 fermata 71 72 71 69 69 68 68 69 69 fermata 72 72 71 72 72 fermata 76 77 76 74 74 fermata 74 72 74 76 74 72 72 74 fermata 74 76 74 72 72 71 71 72 72 fermata )
( 76 76 74 72 71 71 69 69 fermata 76 76 78 80 81 81 80 80 fermata 81 84 83 81 81 81 81 81 fermata 76 76 74 72 71 71 69 69 fermata 76 76 78 80 81 81 80 80 fermata 81 84 83 81 81 81 81 81 fermata 76 76 77 76 74 72 72 72 fermata 76 78 79 76 81 79 78 78 76 76 fermata 76 76 74 72 71 71 69 69 69 69 fermata )
( 72 72 74 72 74 76 77 77 76 77 77 fermata 79 81 77 77 fermata 76 77 79 74 74 fermata 79 79 77 76 74 74 74 72 72 fermata 72 72 74 72 74 76 77 77 76 77 77 fermata 79 81 77 77 fermata 76 77 79 74 74 fermata 79 79 77 76 74 74 74 72 72 fermata )
( 72 77 77 79 79 81 81 79 fermata 79 77 76 74 74 76 76 76 fermata 72 72 72 77 77 76 76 fermata 76 81 81 77 77 79 79 76 fermata 76 77 77 74 74 76 76 72 fermata 72 77 79 81 79 77 77 77 fermata )
( 69 64 69 71 72 69 71 71 fermata 67 67 67 65 64 62 62 64 64 fermata 69 64 69 71 72 69 71 71 fermata 67 67 67 65 64 62 62 64 64 fermata 72 72 71 71 69 71 68 68 fermata 64 66 68 69 69 68 69 69 fermata 72 72 71 71 69 71 68 68 fermata 64 66 68 69 69 68 69 69 fermata )
( 60 60 60 60 64 64 65 67 67 69 67 67 67 fermata 60 60 60 64 64 65 67 67 69 67 67 67 fermata 67 67 69 67 67 65 64 65 64 62 60 60 fermata 60 62 62 62 64 64 62 60 60 62 64 64 64 fermata 67 67 69 67 67 65 64 65 64 62 60 60 fermata 60 62 62 62 64 64 62 60 60 62 64 64 64 fermata 57 57 57 59 59 59 60 59 60 62 64 65 67 67 67 fermata 64 64 64 62 62 62 60 60 60 60 60 60 fermata )
( 72 71 72 74 74 72 74 76 76 fermata 77 76 74 72 71 72 74 74 72 72 fermata 72 71 72 74 74 72 74 76 76 fermata 77 76 74 72 71 72 74 74 72 72 fermata 72 74 76 77 76 74 72 74 72 71 69 69 fermata 71 67 67 74 76 77 76 74 72 72 fermata 79 76 76 74 72 71 72 74 74 72 72 fermata )
( 69 69 71 72 71 76 74 72 71 fermata 72 71 69 76 74 76 69 71 73 74 fermata 72 71 76 76 74 72 71 71 71 fermata 69 71 72 72 74 74 76 76 74 72 fermata 76 74 72 71 69 71 72 71 69 fermata )
( 64 69 71 72 71 69 71 68 66 64 fermata 67 67 65 64 69 69 71 68 69 69 69 fermata 64 69 71 72 71 69 71 68 66 64 fermata 67 67 65 64 69 69 71 68 69 69 69 fermata 71 72 74 76 76 74 76 77 74 72 fermata 76 74 72 71 69 71 72 71 71 69 fermata )
( 60 67 67 69 71 72 72 fermata 71 72 71 69 69 67 67 fermata 67 69 67 65 64 62 62 fermata 64 60 62 64 65 67 65 65 64 fermata 71 72 71 69 69 67 67 fermata 72 71 69 67 69 67 65 64 65 67 65 64 62 62 60 60 60 fermata )
( 76 76 77 79 76 72 74 76 77 76 74 72 72 74 76 76 74 72 74 72 72 72 fermata 76 76 77 79 76 72 74 76 77 76 74 72 72 74 76 76 74 72 74 72 72 72 fermata 76 74 76 72 69 71 72 74 76 72 72 72 74 76 76 74 72 74 72 72 72 fermata )
( 72 71 69 76 74 72 71 72 74 68 68 fermata 69 71 72 65 64 62 67 64 64 fermata 72 71 69 76 74 72 71 72 74 68 68 fermata 69 71 72 65 64 62 67 64 64 fermata 76 67 66 67 72 71 69 71 71 fermata 71 72 74 68 76 72 71 69 69 69 fermata )
( 76 76 79 79 77 74 76 76 74 74 72 72 72 71 72 74 76 74 72 72 76 78 79 76 74 72 71 71 69 76 76 77 77 77 76 74 74 72 72 72 72 71 71 72 74 76 76 75 75 79 79 78 76 78 78 76 76 72 72 72 72 72 72 72 72 74 74 74 74 76 76 76 76 76 76 76 76 79 79 79 79 77 77 77 77 77 77 77 77 77 77 77 77 76 76 76 76 76 76 76 76 76 76 76 76 79 79 79 79 79 79 79 79 79 79 79 79 79 79 79 79 79 79 79 79 79 79 79 79 77 77 77 77 74 74 74 74 74 74 74 74 72 72 72 72 72 72 72 72 72 72 72 72 )
( 76 76 76 79 77 77 76 76 fermata 76 76 74 76 77 76 74 74 72 72 72 72 fermata 76 76 76 79 77 77 76 76 fermata 76 76 74 76 77 76 74 74 72 72 72 72 fermata 76 76 74 74 72 72 71 71 fermata 81 79 77 76 74 74 72 72 fermata )
( 67 67 69 69 71 71 72 72 fermata 74 74 72 72 71 69 71 72 69 69 67 67 fermata 67 67 69 69 67 65 64 64 fermata 67 67 65 65 64 62 64 65 62 62 60 60 fermata 72 72 71 71 69 69 67 67 fermata 67 67 65 64 62 62 60 60 fermata )
( 67 72 67 69 67 65 64 64 fermata 67 67 65 64 62 60 60 60 fermata 67 72 67 69 67 65 64 64 fermata 67 67 65 64 62 60 60 60 fermata 62 62 64 66 67 67 66 67 67 fermata 69 71 72 72 71 71 69 69 fermata 64 64 69 67 67 66 67 67 fermata 69 67 65 64 62 60 60 60 fermata )
( 64 62 57 60 62 64 64 62 fermata 64 62 57 60 62 64 64 62 fermata 64 66 67 64 62 62 60 59 fermata 60 62 57 60 62 64 64 62 fermata )
( 69 69 69 76 76 76 74 74 72 71 71 71 fermata 76 76 79 77 77 76 74 74 74 72 72 72 fermata 71 71 72 74 74 74 72 72 74 71 71 71 fermata 76 76 76 74 74 72 71 71 71 69 69 69 fermata 72 72 72 72 72 72 77 77 76 74 74 74 fermata 74 74 76 72 72 74 71 71 71 69 69 69 fermata )
( 72 72 72 69 71 72 74 72 71 69 fermata 69 71 72 74 67 69 71 72 69 67 fermata 74 76 76 72 74 76 77 76 74 fermata 72 74 76 74 72 72 71 72 fermata )
( 60 67 67 65 64 62 64 66 67 fermata 67 64 67 65 67 64 62 60 fermata 67 69 69 64 67 65 65 64 fermata 72 71 69 67 69 65 64 62 60 fermata )
( 72 72 72 74 76 77 76 74 72 72 fermata 74 74 69 71 72 74 72 fermata 72 72 72 74 76 77 76 74 72 72 fermata 74 74 69 71 72 74 72 fermata 72 79 79 81 79 77 76 78 79 fermata 79 79 79 81 79 77 76 74 72 72 fermata 69 71 72 69 67 66 67 67 fermata 72 72 74 76 77 76 74 72 72 fermata 74 74 69 71 72 71 69 67 fermata 70 69 65 69 71 72 74 72 fermata )
( 67 72 74 76 74 72 72 fermata 74 76 77 76 74 72 72 fermata 76 79 79 77 76 74 74 fermata 76 72 77 76 74 72 72 74 fermata 74 76 77 76 74 72 72 72 fermata )
( 72 72 72 74 72 77 79 77 77 fermata 76 79 81 79 76 74 72 fermata 72 77 76 79 74 72 69 67 fermata 67 74 74 74 76 77 74 72 74 76 74 74 72 72 72 72 72 72 fermata )
( 57 57 59 60 60 62 64 64 69 68 68 68 fermata 69 69 71 72 72 72 60 62 62 60 60 60 fermata 62 62 62 64 64 67 65 65 62 64 64 64 fermata 67 67 67 69 69 72 71 69 68 69 69 69 fermata )
( 69 69 67 65 64 69 67 64 65 fermata 69 69 67 65 64 69 67 64 65 fermata 69 71 73 74 69 71 72 71 69 fermata 71 72 71 69 69 67 65 64 65 fermata 67 67 69 67 65 64 65 65 64 fermata 71 72 71 69 64 69 69 68 fermata )
( 76 76 76 76 74 72 72 71 fermata 76 76 77 79 77 76 74 74 76 fermata 76 76 76 76 74 72 72 71 fermata 76 76 77 79 77 76 74 74 76 fermata 76 74 72 71 69 71 72 71 fermata 76 72 72 74 76 77 76 74 74 76 74 73 fermata )
( 72 72 72 71 69 69 67 72 74 74 76 76 fermata 76 76 76 76 74 74 76 77 76 76 74 74 fermata 72 74 74 76 74 74 72 69 71 71 72 72 fermata 79 76 76 72 74 74 77 76 74 74 72 72 fermata )
( 60 60 60 67 67 69 69 67 fermata 67 60 62 64 65 64 62 60 60 fermata 60 60 60 67 67 69 69 67 fermata 67 60 62 64 65 64 62 60 60 fermata 64 64 64 62 64 60 59 57 55 fermata 67 69 67 67 64 65 67 65 64 fermata 69 67 65 64 62 64 67 64 62 62 60 60 60 fermata )
( 69 72 69 68 69 71 71 72 fermata 72 71 72 74 71 72 72 71 fermata 72 71 69 69 68 69 69 69 fermata 69 72 69 68 69 71 71 72 fermata 72 71 72 74 71 72 72 71 fermata 72 71 69 69 68 69 69 69 fermata 72 72 72 71 72 69 69 68 fermata 72 72 72 71 72 69 69 68 fermata 69 71 73 74 74 73 74 fermata 71 72 71 69 68 69 fermata )
( 72 72 72 72 74 76 76 fermata 76 76 79 72 74 76 74 74 72 fermata 76 74 76 72 74 71 71 fermata 72 72 72 74 72 71 71 69 fermata 71 71 71 71 72 74 74 fermata 74 74 76 77 77 76 76 fermata 76 76 79 77 76 74 74 fermata 74 76 74 72 71 69 69 69 fermata )
( 64 67 69 71 fermata 72 71 69 74 72 71 71 fermata 76 74 72 71 69 67 69 67 65 64 64 fermata 71 72 74 76 fermata 76 74 69 71 72 71 69 69 69 fermata )
( 76 72 74 74 76 78 79 79 fermata 74 76 77 76 74 74 72 72 fermata 74 74 79 79 77 77 76 76 fermata 74 74 72 71 69 69 67 67 fermata 72 72 77 77 76 76 74 74 fermata 72 72 72 72 74 74 67 67 fermata 79 77 76 74 72 71 69 69 fermata 74 72 77 76 74 74 72 72 fermata )
( 69 71 72 69 fermata 76 74 72 71 69 71 71 fermata 72 74 76 72 fermata 76 77 76 74 74 72 72 fermata 76 74 72 69 fermata 74 74 72 71 69 67 67 fermata 72 74 76 72 fermata 76 74 69 71 72 71 69 69 fermata )
( 69 71 72 72 74 72 71 71 fermata 72 74 76 76 77 76 74 74 74 72 72 fermata 76 74 76 76 74 72 74 74 fermata 74 76 77 77 76 74 76 76 76 74 74 fermata 69 71 72 72 74 74 76 76 fermata 76 76 77 76 74 72 71 71 71 69 69 69 69 fermata )
( 67 64 69 67 67 fermata 60 62 62 64 65 65 67 64 60 60 fermata 62 64 66 67 67 fermata 71 69 71 72 71 69 69 67 67 67 fermata 67 68 68 69 69 fermata 71 72 72 74 72 71 71 69 69 fermata 67 69 71 72 72 72 71 72 72 72 fermata )
( 62 60 60 62 64 62 60 59 57 57 fermata 60 62 64 62 61 62 62 fermata 67 62 64 65 64 62 64 64 fermata 62 60 62 64 62 60 59 57 fermata 60 62 64 62 61 62 62 62 62 fermata )
( 67 64 69 71 72 72 71 71 fermata 69 71 72 67 64 65 64 62 62 60 60 60 60 fermata 67 64 69 71 72 72 71 71 fermata 69 71 72 67 64 65 64 62 62 60 60 60 60 fermata 64 66 68 69 71 71 69 69 fermata 71 72 74 76 74 72 72 72 fermata )
( 60 60 62 64 65 67 67 62 64 64 66 67 67 fermata 65 64 62 64 65 67 67 65 64 64 62 64 64 fermata 64 67 67 65 64 64 62 60 60 59 60 60 fermata 60 62 60 62 64 65 64 64 62 60 60 59 60 60 fermata )
( 76 76 77 79 76 72 74 76 77 fermata 76 74 72 72 74 76 76 74 72 74 72 72 72 fermata 76 74 76 72 69 71 72 74 fermata 76 72 72 72 74 76 76 74 72 74 72 72 72 fermata )
( 69 69 69 76 74 72 76 74 72 71 71 71 fermata 76 76 78 79 79 78 76 75 75 76 76 76 fermata 76 74 71 72 74 76 74 72 71 72 72 72 fermata 79 81 79 76 74 72 71 69 68 69 69 69 fermata )
( 60 60 64 64 67 67 67 67 67 67 67 67 69 69 69 69 67 67 67 67 fermata 67 67 72 72 67 67 72 74 76 76 74 74 72 72 71 71 69 69 67 67 67 67 fermata 67 67 72 72 67 67 69 69 64 64 65 64 62 62 60 60 60 60 fermata 60 60 64 64 67 67 67 67 67 67 67 67 69 69 69 69 67 67 67 67 fermata 67 67 72 72 67 67 72 74 76 76 74 74 72 72 71 71 69 69 67 67 67 67 fermata 67 67 72 72 67 67 69 69 64 64 65 64 62 62 60 60 60 60 fermata 67 67 67 67 67 65 64 64 62 62 60 60 60 60 fermata 67 67 67 67 67 65 64 64 62 62 60 60 60 60 fermata 62 62 64 64 65 65 64 64 64 64 fermata 67 67 69 69 71 71 72 72 fermata 72 74 76 76 74 74 72 72 fermata 67 67 72 72 67 67 69 69 64 64 65 64 62 62 60 60 60 60 fermata )
( 64 67 64 65 64 62 62 60 fermata 64 66 67 69 67 66 66 64 fermata 59 60 60 62 62 64 64 60 fermata 57 59 60 62 60 59 59 57 fermata )
( 76 76 76 77 79 77 76 74 76 74 72 fermata 76 76 76 77 79 77 76 74 76 72 fermata 76 77 76 74 72 74 76 71 69 fermata 76 77 76 74 72 74 76 71 69 fermata 76 76 74 72 71 69 71 72 72 74 74 76 76 76 fermata )
( 72 72 67 72 77 76 74 72 fermata 72 74 76 77 76 74 69 71 72 fermata 72 72 67 72 77 76 74 72 fermata 72 74 76 77 76 74 69 71 72 fermata 72 77 76 74 79 79 78 79 fermata 79 81 77 79 77 76 74 72 fermata 76 74 67 72 77 76 74 72 fermata )
( 76 75 76 78 79 81 79 78 76 fermata 76 72 74 76 74 72 71 69 71 69 fermata 76 75 76 78 79 81 79 78 76 fermata 76 72 74 76 74 72 71 69 71 69 fermata 69 71 72 74 69 71 72 74 76 fermata 76 81 80 81 83 81 79 78 76 fermata 78 79 76 78 79 74 72 71 69 69 fermata 76 74 72 72 71 71 69 69 fermata )
( 62 62 60 65 67 69 68 69 fermata 71 72 71 72 69 71 74 73 74 fermata 74 72 69 65 62 64 62 61 fermata 64 67 65 64 65 62 64 64 62 fermata )
( 57 60 60 62 62 64 64 65 64 62 62 60 fermata 55 60 60 62 62 64 64 62 60 59 59 57 fermata 64 60 62 59 fermata 64 60 62 59 fermata 59 60 60 62 62 64 64 62 60 59 59 57 fermata )
( 67 69 67 65 67 72 74 72 fermata 72 67 71 72 74 76 76 74 fermata 74 76 74 72 69 67 71 73 74 fermata 67 72 69 65 69 67 67 67 fermata )
( 60 60 60 65 65 62 64 64 66 67 67 67 fermata 64 65 67 69 69 65 67 67 67 65 65 65 fermata 67 64 65 67 69 69 67 67 65 64 62 62 62 fermata 67 67 67 65 65 64 64 62 62 60 60 60 fermata )
( 72 72 72 69 74 72 72 71 fermata 76 76 76 81 79 79 78 79 fermata 76 76 76 77 76 74 73 74 fermata 76 76 76 74 72 72 71 72 fermata )
( 64 64 66 68 69 69 68 68 fermata 68 68 69 71 72 72 71 71 fermata 72 72 71 71 69 69 68 68 fermata 69 69 67 67 65 65 64 64 fermata 76 76 74 74 72 72 71 71 fermata 69 69 67 67 65 65 64 64 fermata )
( 76 72 76 77 77 76 74 74 72 74 74 74 fermata 76 76 76 69 69 71 72 72 72 71 71 71 fermata 76 72 76 77 77 76 74 74 72 74 74 74 fermata 76 76 76 69 69 71 72 72 72 71 71 71 fermata 67 74 74 74 74 76 77 77 77 76 76 76 fermata 79 79 79 77 77 77 76 76 74 72 72 72 fermata )
( 76 72 71 69 fermata 76 77 76 74 72 74 76 fermata 76 76 72 71 69 fermata 76 77 76 74 72 74 76 fermata 76 72 74 67 67 67 fermata 74 76 72 72 72 fermata 76 77 76 74 72 71 69 68 76 74 72 71 71 69 69 fermata )
( 72 72 72 72 72 72 71 71 71 69 67 67 fermata 69 69 65 65 64 62 62 62 62 62 60 60 fermata 67 67 67 67 64 64 69 69 69 71 72 72 fermata 60 62 62 62 62 64 64 64 64 64 64 64 fermata 72 72 72 72 72 72 71 71 71 69 fermata 67 67 69 69 65 65 64 62 62 62 62 62 60 60 fermata 67 67 67 67 64 64 69 69 69 71 72 72 fermata 60 62 62 62 62 64 64 64 64 64 64 64 fermata 64 64 64 64 65 65 67 67 64 64 64 64 fermata 69 69 68 68 69 69 71 71 68 68 68 68 fermata 72 72 71 71 69 69 68 68 68 64 69 69 71 72 68 68 68 69 69 69 69 69 69 69 fermata )
( 60 67 64 62 60 67 69 71 72 69 67 fermata 67 69 71 72 71 69 72 71 69 67 fermata 64 69 67 65 64 62 62 60 fermata 60 67 64 62 60 67 69 71 72 69 67 fermata 67 69 71 72 71 69 72 71 69 67 fermata 64 69 67 65 64 62 62 60 fermata 67 67 64 64 fermata 67 67 64 64 fermata 64 64 62 62 64 64 62 64 65 64 62 62 60 60 fermata 72 71 69 67 65 64 62 62 60 fermata )
( 64 64 64 67 64 67 68 69 fermata 71 72 71 69 71 72 71 69 69 68 fermata 64 69 71 72 71 69 68 68 69 fermata 64 64 66 67 65 64 62 60 fermata 60 67 67 69 71 72 71 72 fermata 72 74 72 71 69 69 68 69 fermata )
( 64 62 64 66 67 69 64 64 fermata 64 60 62 64 62 60 59 57 59 57 57 fermata 60 62 62 57 55 60 62 64 fermata 64 62 60 62 64 62 60 59 57 59 59 fermata 57 57 57 57 57 57 57 57 fermata 64 64 62 64 65 67 69 64 fermata 64 64 62 60 62 64 62 60 59 57 59 57 fermata 60 62 62 57 55 60 62 64 fermata 64 64 62 60 62 64 60 59 57 59 59 fermata 57 57 57 57 57 57 57 57 fermata 64 60 67 64 fermata 67 65 64 62 60 fermata 64 62 60 59 57 fermata 60 62 62 57 55 60 62 64 fermata 64 62 60 62 64 60 59 57 59 59 fermata 57 57 57 57 57 57 57 57 fermata )
( 76 76 76 76 74 72 71 71 fermata 69 68 69 71 72 74 72 71 71 fermata 69 71 72 71 69 69 67 65 64 64 fermata 62 61 62 64 65 67 65 64 64 fermata 69 69 69 67 65 64 62 62 fermata 67 69 71 72 74 76 74 72 71 71 fermata 69 71 72 71 69 69 67 65 64 64 fermata 62 61 62 64 65 67 69 67 65 64 64 fermata )
( 62 64 64 62 60 60 57 60 60 60 62 62 fermata 64 65 65 69 67 67 65 64 64 64 62 62 fermata 62 64 64 62 60 60 57 60 60 60 62 62 fermata 64 65 65 69 67 67 65 64 64 64 62 62 fermata 67 67 67 67 69 69 67 65 64 62 60 60 fermata 60 65 65 64 65 65 67 69 69 67 65 64 62 61 61 fermata 64 65 65 69 67 67 65 64 64 64 62 62 fermata )
( 74 69 71 73 74 74 fermata 74 69 74 72 71 71 69 69 fermata 69 71 72 74 72 71 69 69 fermata 69 74 74 73 74 74 fermata 74 74 76 76 74 72 71 71 fermata 69 71 72 71 69 69 fermata 72 74 76 77 76 74 74 76 76 fermata 76 74 76 74 72 69 71 73 74 74 fermata )
( 60 60 62 64 62 60 64 66 67 fermata 67 65 64 62 60 62 64 66 67 fermata 69 67 65 64 65 62 62 60 fermata 60 60 62 64 62 60 64 66 67 fermata 67 65 64 62 60 62 64 66 67 fermata 69 67 65 64 65 62 62 60 fermata 72 72 72 71 67 69 69 64 fermata 72 72 72 71 67 69 69 67 fermata 64 65 67 69 67 64 65 65 64 fermata 62 64 65 67 67 65 64 62 fermata 67 69 71 72 71 69 69 67 fermata 60 62 64 65 64 62 62 60 fermata )
( 67 67 67 67 69 69 67 67 fermata 65 64 62 62 60 60 60 60 fermata 67 67 67 67 69 69 65 65 fermata 69 69 70 69 67 67 67 67 fermata 67 67 67 67 72 72 67 fermata 67 69 69 67 67 65 65 65 65 fermata 67 67 67 67 67 67 64 64 fermata 65 64 62 60 60 60 60 60 fermata 67 67 69 69 70 70 70 70 67 67 66 66 67 67 67 67 fermata 72 72 72 74 67 67 69 69 71 71 71 71 67 67 67 66 67 67 67 67 67 65 64 65 62 62 60 60 fermata )
( 69 69 69 69 69 65 64 64 64 71 71 fermata 72 71 71 69 67 67 66 64 64 fermata 64 69 69 69 68 68 68 69 69 69 71 71 fermata 71 71 71 71 72 72 72 71 71 71 fermata 76 76 74 72 72 71 69 71 73 74 74 fermata 71 72 72 71 69 69 68 69 69 69 fermata )
( 64 69 71 72 71 69 71 68 68 64 fermata 67 67 65 64 69 69 68 69 69 69 fermata 64 69 71 72 71 69 71 68 68 64 fermata 67 67 65 64 69 69 68 69 69 69 fermata 71 72 74 76 76 74 74 72 fermata 76 74 72 71 69 71 72 71 69 fermata )
( 64 67 69 72 69 69 69 fermata 72 72 71 69 69 67 67 67 fermata 72 72 72 71 69 71 69 69 fermata 69 69 67 69 71 72 69 67 fermata 72 72 72 71 69 71 69 69 fermata 69 69 67 69 71 72 69 67 fermata 72 72 72 71 69 71 69 69 fermata 69 69 67 69 71 72 69 67 fermata 64 67 69 71 71 69 69 69 fermata 64 67 69 71 71 69 69 69 fermata 71 71 72 74 76 69 69 67 69 71 72 69 67 72 72 72 71 69 71 69 69 fermata 69 69 67 69 71 72 69 67 fermata 72 72 72 71 69 71 69 69 fermata 69 69 67 69 71 72 69 67 fermata 72 72 72 71 69 71 69 69 fermata 69 69 67 69 71 72 69 67 fermata 72 72 72 71 69 71 69 69 fermata 69 69 67 69 71 72 69 67 fermata 72 72 72 71 69 71 69 69 fermata 69 69 67 69 71 72 69 67 fermata 72 72 72 71 69 71 69 69 fermata 69 69 67 69 71 72 69 67 fermata 69 69 69 67 71 71 69 69 fermata 69 69 67 69 71 72 67 67 64 fermata 69 69 69 67 71 71 69 69 fermata 69 69 67 69 71 72 67 67 64 fermata 69 69 69 67 71 71 69 69 fermata 69 69 67 69 71 72 67 67 64 fermata 69 69 69 67 71 71 69 69 fermata 69 69 67 69 71 72 67 67 64 fermata 69 69 69 67 71 71 69 69 fermata 69 69 67 69 71 72 67 67 64 fermata 69 69 69 67 71 71 69 69 fermata 69 69 67 69 71 72 67 67 64 fermata 65 62 65 64 62 64 66 67 fermata 67 67 67 69 65 67 65 64 fermata 60 62 65 64 62 65 62 60 fermata 67 67 67 69 65 67 65 64 fermata 65 65 65 64 62 65 62 60 fermata 67 67 67 69 65 67 65 64 fermata 64 65 67 69 69 69 72 69 69 fermata 69 69 67 69 71 72 67 67 64 fermata 69 69 69 67 71 71 71 69 fermata 69 69 67 69 72 67 67 64 fermata 69 69 69 67 71 71 71 69 fermata 69 69 67 69 72 67 67 64 fermata 69 69 69 67 71 71 71 69 fermata 69 69 67 69 72 67 67 64 fermata 65 64 62 65 67 69 67 65 64 fermata 65 65 67 69 67 65 67 65 64 fermata 67 64 60 62 62 64 64 64 64 64 64 64 64 fermata )
( 72 76 74 72 fermata 76 74 72 72 71 72 72 fermata 76 79 77 76 fermata 76 74 72 71 69 71 69 68 64 fermata 71 74 72 71 72 72 71 69 69 71 71 fermata 71 72 74 76 fermata 76 78 79 78 76 75 76 76 75 76 fermata 68 69 71 72 fermata 69 71 72 71 69 68 69 69 68 69 fermata )
( 57 57 57 64 64 64 65 65 65 64 64 64 fermata 60 62 64 65 65 65 64 62 60 60 60 fermata 62 64 64 62 62 62 64 60 60 60 59 59 59 fermata 57 59 60 62 62 62 60 59 57 57 57 57 fermata )
( 69 69 69 76 76 76 74 76 72 74 76 74 74 76 76 fermata 72 71 72 74 76 74 72 72 72 71 72 72 fermata 74 76 76 76 74 74 74 72 72 72 71 71 71 fermata 69 71 68 69 69 fermata 69 74 74 74 76 76 76 72 72 72 71 71 71 fermata 69 71 72 74 76 76 76 74 76 76 76 fermata )
( 67 72 76 74 76 72 81 77 77 79 72 77 74 74 72 fermata 74 77 76 74 76 74 76 72 71 72 72 74 74 74 fermata 67 72 76 74 76 72 81 77 77 79 72 77 74 74 72 fermata 74 77 76 74 76 74 76 72 71 72 72 74 74 74 fermata 71 72 74 76 69 81 77 74 73 74 76 76 77 77 77 fermata 74 71 72 71 69 67 79 72 81 81 79 77 76 74 72 72 72 fermata )
( 77 76 74 74 74 76 77 76 74 72 72 fermata 76 77 76 77 74 76 72 74 74 76 76 fermata 76 76 76 74 76 77 77 fermata 72 72 74 76 77 74 76 76 fermata 76 77 79 79 77 74 76 76 fermata 79 79 79 79 81 79 77 76 76 fermata 76 72 74 76 77 79 77 76 74 76 77 77 fermata )
( 60 60 67 67 69 71 72 72 fermata 71 72 74 67 72 71 69 69 67 67 fermata 72 72 67 67 65 65 64 64 fermata 67 67 65 64 62 62 60 60 fermata 62 62 64 66 67 67 66 67 67 fermata 69 71 72 72 fermata 67 67 65 64 62 62 60 60 60 60 fermata )
( 64 69 67 65 64 65 64 62 64 65 62 62 60 60 fermata 64 65 67 66 68 69 67 69 71 69 67 66 66 64 64 fermata 64 62 59 60 60 59 59 fermata 57 59 60 62 64 66 68 69 69 68 69 69 fermata )
( 67 67 69 71 72 72 71 71 69 69 fermata 71 72 74 69 67 65 64 64 64 64 fermata 67 67 69 71 72 72 71 71 69 69 fermata 71 72 74 69 67 65 64 64 64 64 fermata 62 64 65 67 65 64 62 60 60 fermata 60 67 67 69 71 72 72 71 71 69 69 fermata 71 72 74 69 67 65 64 64 fermata 69 67 64 65 67 65 64 64 fermata 69 67 64 65 67 64 64 fermata 69 67 69 71 72 71 69 67 65 64 fermata 62 69 69 67 65 64 64 fermata 69 67 69 71 72 71 69 67 67 fermata 72 71 74 69 67 65 64 64 fermata 62 69 69 67 65 64 64 64 64 fermata )
( 72 72 74 76 78 78 fermata 78 79 74 74 77 76 76 76 fermata 74 76 78 79 79 78 79 79 fermata 72 72 74 76 78 78 fermata 78 79 74 74 77 76 76 fermata 74 76 78 79 79 78 79 79 fermata 74 74 74 76 74 77 76 76 76 74 74 fermata 74 74 74 76 74 77 76 76 76 74 74 fermata 79 76 74 72 72 fermata 79 76 74 72 72 fermata )
( 72 72 72 69 71 72 74 72 71 69 69 69 fermata 69 71 72 74 74 72 71 69 69 67 67 67 fermata 76 76 76 72 74 76 77 76 76 74 74 74 fermata 72 74 76 74 74 72 72 71 71 72 72 72 fermata )
( 69 69 68 69 71 72 71 71 69 69 fermata 69 69 68 69 71 72 71 71 69 69 fermata 72 71 69 72 71 69 68 68 fermata 67 65 64 69 69 68 69 69 fermata 72 74 76 76 74 72 74 74 72 72 fermata 72 74 76 76 74 72 74 74 72 72 fermata 72 71 69 72 71 69 68 68 fermata 67 65 64 69 69 68 69 69 fermata )
( 69 64 67 69 71 72 71 69 67 65 65 64 64 fermata 72 69 67 64 65 67 67 64 65 62 62 60 fermata 64 62 60 59 59 57 57 fermata 64 67 69 64 67 64 62 60 59 59 57 57 57 57 fermata )
( 57 59 60 62 64 64 69 69 71 68 69 69 69 fermata 72 72 71 69 69 67 69 67 65 65 64 64 64 fermata 57 59 60 62 64 64 69 69 71 68 69 69 69 fermata 72 72 71 69 69 67 69 67 65 65 64 64 64 fermata 64 64 64 65 67 67 60 65 65 64 62 62 62 fermata 62 62 64 65 65 67 65 64 65 62 62 62 fermata 64 64 64 65 67 67 64 65 64 64 62 62 62 fermata 60 60 60 60 59 60 62 60 62 64 64 64 fermata 64 64 62 64 64 62 64 66 66 67 67 67 fermata 69 69 71 72 71 69 69 71 68 69 69 69 fermata )
( 69 72 71 69 69 67 65 64 fermata 64 66 68 69 72 71 71 69 fermata 69 72 71 69 69 67 65 64 fermata 64 66 68 69 72 71 71 69 fermata 71 71 71 71 67 69 71 72 fermata 71 71 71 72 71 69 69 68 fermata 68 69 71 72 74 71 71 69 fermata )
( 72 72 74 76 72 72 fermata 74 74 76 77 77 76 77 77 77 fermata 76 76 78 79 74 74 fermata 76 78 79 79 79 78 79 79 79 fermata 74 74 76 77 79 81 79 79 77 76 76 74 fermata 81 79 77 79 77 76 77 77 76 74 74 72 fermata 81 79 77 79 77 76 77 77 76 74 74 72 fermata )
( 67 64 66 67 67 64 62 60 fermata 60 67 67 69 71 72 71 69 69 67 67 fermata 67 69 71 72 fermata 67 69 67 65 65 64 64 fermata 72 69 71 72 fermata 69 67 65 64 fermata 67 64 66 67 fermata 72 71 69 67 fermata 67 64 65 67 69 67 65 64 62 62 60 60 60 60 fermata )
( 60 64 67 67 64 60 62 64 fermata 60 67 67 69 71 72 71 69 67 fermata 67 64 67 69 67 65 64 62 fermata 67 64 65 67 65 64 62 60 62 60 fermata )
( 76 69 71 72 74 72 71 71 69 fermata 74 74 74 76 74 76 78 79 fermata 76 74 72 71 69 71 71 69 fermata 76 69 71 72 74 72 71 71 69 fermata 74 74 74 76 74 76 78 79 fermata 76 74 72 71 69 71 71 69 fermata 71 72 74 76 77 76 74 72 fermata 76 79 77 76 69 71 72 71 69 fermata )
( 69 69 71 72 71 69 67 72 71 72 fermata 72 71 69 74 72 71 71 69 fermata 69 69 71 72 71 69 67 72 71 72 fermata 72 71 69 74 72 71 71 69 fermata 76 72 74 76 74 72 72 71 fermata 72 72 71 72 71 69 69 68 fermata 72 71 69 74 72 71 71 69 fermata )
( 69 64 69 69 69 71 71 fermata 71 72 74 76 75 75 76 76 fermata 72 72 74 74 76 76 72 72 fermata 76 74 74 74 71 76 74 72 71 69 69 71 71 fermata 72 71 69 68 69 69 71 71 fermata 76 72 72 72 76 74 72 71 69 71 71 69 69 fermata 69 64 69 69 69 71 71 fermata 71 72 74 76 75 75 76 76 76 76 fermata )
( 69 72 71 72 74 76 76 74 72 71 71 71 fermata 71 76 74 74 72 71 72 74 72 71 71 69 fermata )
( 69 69 69 67 65 64 67 69 71 69 69 68 69 fermata 72 71 69 67 64 67 69 71 69 69 68 69 fermata 76 76 76 69 74 74 72 71 69 67 67 64 fermata 69 69 68 69 68 69 68 69 71 72 72 71 fermata 72 71 69 67 64 65 67 67 69 67 65 65 64 fermata 76 74 72 71 68 69 71 72 74 72 71 71 69 fermata )
( 69 69 72 71 69 72 74 76 fermata 76 76 76 77 79 77 76 74 74 72 fermata 72 72 76 74 71 72 74 76 fermata 76 76 76 74 74 72 71 69 67 fermata 67 72 74 76 74 76 72 71 69 fermata )
( 67 69 71 72 72 71 71 fermata 69 69 68 69 71 71 69 69 fermata 72 72 72 71 69 69 74 74 fermata 71 72 69 71 69 67 67 fermata 74 74 74 72 72 69 69 fermata 72 72 71 72 71 69 69 69 fermata 74 72 71 69 69 67 67 67 fermata )
( 57 60 62 64 fermata 69 67 66 64 66 67 66 66 64 fermata 69 69 69 68 fermata 71 69 64 65 64 62 62 62 60 fermata 60 59 59 57 fermata 64 67 67 62 64 65 64 fermata 64 67 69 64 fermata 67 64 62 60 59 57 57 57 fermata )
( 76 77 79 79 77 76 74 74 fermata 76 77 79 76 74 74 72 72 fermata 76 77 79 79 77 76 74 74 fermata 76 77 79 76 74 74 72 72 fermata 74 76 77 77 76 76 74 74 fermata 77 79 81 81 79 79 77 77 fermata 76 77 79 79 77 76 74 74 fermata 76 77 79 77 76 74 74 72 72 fermata )
( 60 64 66 67 67 67 fermata 67 65 67 69 67 69 71 69 71 72 72 72 fermata 64 64 65 67 65 64 62 62 64 65 64 62 60 60 62 64 64 62 64 64 66 67 67 67 fermata 71 71 72 69 69 72 71 71 69 68 68 64 69 69 64 65 64 62 60 60 59 60 57 57 57 fermata 61 61 61 62 61 62 64 65 67 65 64 65 62 67 67 67 67 69 71 72 71 69 71 71 67 fermata 72 67 64 69 69 67 65 67 64 62 62 62 67 64 60 69 71 72 64 64 62 60 60 60 60 fermata )
( 67 64 62 62 60 60 fermata 67 69 67 67 fermata 72 72 71 71 69 67 67 67 fermata 67 69 67 65 64 64 fermata 62 64 66 67 67 66 67 67 fermata 67 69 65 65 64 65 64 62 60 60 fermata 64 62 62 60 fermata 67 67 66 67 fermata 72 72 71 69 69 67 67 fermata 67 69 67 65 65 64 65 64 62 62 60 60 fermata )
( 76 74 72 71 72 71 69 68 64 fermata 76 76 77 74 76 74 72 71 71 fermata 76 74 72 71 72 71 69 68 64 fermata 76 76 77 74 76 74 72 72 fermata 76 77 79 76 77 76 76 74 74 fermata 74 76 77 76 74 72 71 67 fermata 76 71 72 71 72 74 76 76 fermata 76 76 74 72 71 69 69 69 fermata )
( 69 69 76 76 77 79 76 72 74 76 77 77 76 76 fermata 74 74 72 74 76 74 72 71 69 69 67 67 fermata 72 71 72 74 76 74 72 71 69 69 fermata 71 69 71 72 71 69 69 69 69 fermata )
( 67 67 69 71 72 72 72 72 fermata 76 74 72 71 69 69 67 67 fermata 67 67 69 71 72 67 67 67 fermata 69 67 65 64 62 62 60 60 fermata 72 74 72 71 69 69 67 67 fermata 67 67 69 71 72 67 67 67 fermata 69 67 65 64 62 62 60 60 fermata )
( 76 69 71 72 72 74 74 76 fermata 76 74 76 72 72 71 71 fermata 76 72 71 72 69 68 69 71 fermata 76 74 72 71 71 69 69 69 fermata )
( 64 57 59 60 62 64 66 67 66 64 64 63 64 fermata 64 62 62 67 64 65 64 62 60 62 60 60 60 fermata 64 57 59 60 62 64 66 67 66 64 64 64 fermata 64 62 62 67 64 65 64 62 60 59 57 57 57 fermata 64 62 64 60 62 59 57 57 57 fermata 64 64 66 67 67 66 66 64 fermata 64 62 62 67 64 65 64 62 60 62 60 60 60 fermata 64 57 59 60 62 64 57 57 fermata 59 60 59 60 62 64 66 67 66 64 69 67 65 64 62 60 59 57 57 57 fermata )
( 76 76 74 72 72 71 fermata 72 74 72 71 71 69 fermata 71 72 74 76 76 74 fermata 77 77 76 74 74 72 fermata 74 74 74 74 71 72 74 76 76 74 fermata 71 72 74 76 76 74 72 71 71 71 69 fermata )
( 69 69 71 72 74 76 74 74 72 71 71 69 fermata 76 77 79 72 74 76 74 74 74 72 72 72 fermata 69 69 71 72 74 76 74 74 72 71 71 69 fermata 76 77 79 72 74 76 74 74 74 72 72 72 fermata 71 71 69 71 72 74 72 72 71 69 69 67 fermata 72 72 71 72 74 76 76 76 74 76 76 76 fermata 71 71 76 69 71 72 71 71 71 69 69 69 fermata )
( 64 69 68 69 71 72 71 71 71 fermata 72 69 74 72 71 71 72 69 69 fermata 64 64 69 67 65 64 62 62 62 fermata 67 64 69 71 72 64 62 60 60 60 fermata 64 66 68 68 fermata 69 71 68 68 69 71 72 69 74 72 71 71 fermata 69 64 65 64 64 62 64 64 fermata 69 64 65 64 62 60 59 60 59 57 57 57 fermata )
( 72 72 72 67 72 74 76 76 fermata 72 74 76 78 79 83 81 81 79 79 fermata 72 72 72 67 72 74 76 76 fermata 72 74 76 78 79 83 81 81 79 79 fermata 81 79 77 81 79 77 76 76 74 74 fermata 74 73 74 76 77 77 76 76 fermata 72 74 76 77 77 76 77 77 fermata 79 77 76 74 72 74 76 74 74 72 72 fermata )
( 72 72 74 76 74 76 77 76 74 72 fermata 76 77 76 74 72 71 72 72 71 72 74 fermata 79 77 76 74 72 71 69 71 72 69 67 fermata 76 77 76 74 72 74 76 74 72 fermata )
( 72 74 76 77 79 77 76 74 76 fermata 76 76 74 76 77 76 74 72 69 71 72 fermata 72 74 76 77 79 77 76 74 76 fermata 76 76 74 76 77 76 74 72 69 71 72 fermata 72 74 76 77 76 74 76 76 74 fermata 74 76 77 79 77 76 74 76 fermata 72 74 76 77 76 74 72 69 71 72 fermata )
( 79 79 79 74 76 78 79 78 76 74 fermata 79 78 76 74 76 74 72 71 69 67 fermata 79 79 79 74 76 78 79 78 76 74 fermata 79 78 76 74 76 74 72 71 69 67 fermata 67 74 76 74 73 74 fermata 67 74 76 78 79 fermata 78 79 78 76 74 fermata 76 76 74 76 74 72 71 fermata 79 78 76 74 76 74 72 71 69 67 fermata )
( 62 64 64 65 67 65 62 69 69 67 65 64 62 61 fermata 64 65 67 69 70 69 65 72 72 71 69 67 65 64 fermata 69 68 69 71 72 74 72 71 71 71 69 fermata 62 64 64 65 67 65 62 69 69 67 65 64 62 61 fermata 64 65 67 69 70 69 65 72 72 71 69 67 65 64 fermata 69 68 69 71 72 74 72 71 71 71 69 fermata 69 65 64 66 69 74 70 67 69 72 70 69 70 fermata 64 69 62 67 69 70 69 67 65 64 62 62 fermata )
( 76 76 72 74 76 77 76 74 74 fermata 74 74 72 72 69 71 72 72 72 fermata 74 74 74 74 76 77 76 74 72 72 72 fermata 72 71 67 72 77 76 74 74 72 72 72 fermata 76 76 72 74 76 77 76 74 74 fermata 74 74 72 72 69 71 72 72 72 fermata 74 74 74 74 76 77 76 74 72 72 72 fermata 72 71 67 72 77 76 74 74 72 72 72 fermata 71 71 71 71 71 72 72 72 fermata 72 71 71 71 71 72 72 72 fermata 76 76 74 72 74 76 77 77 76 fermata 76 74 73 74 79 77 76 76 74 74 73 74 74 74 76 76 76 77 77 77 76 76 76 74 74 74 74 77 76 74 73 74 74 fermata 73 74 74 74 76 76 76 77 77 77 76 76 76 74 74 72 72 76 74 72 71 72 72 72 fermata )
( 71 72 71 69 76 76 74 72 71 71 fermata 74 72 71 69 71 72 74 72 71 69 69 69 fermata 71 72 71 69 76 76 74 72 71 71 fermata 74 72 71 69 71 72 74 72 71 69 69 69 fermata 69 71 67 66 64 66 67 69 71 71 fermata 71 69 72 71 72 69 68 69 69 69 fermata 69 76 72 74 76 74 72 71 fermata )
( 72 74 76 74 72 71 69 67 fermata 72 74 76 74 76 77 76 74 72 72 72 fermata 72 74 76 74 72 71 69 67 fermata 72 74 76 74 76 77 76 74 72 72 72 fermata 76 77 79 77 76 74 76 76 fermata 79 79 81 79 77 76 74 74 fermata 76 79 77 76 74 72 74 76 76 72 72 fermata 76 79 77 76 74 72 74 74 72 72 fermata )
( 67 64 60 67 67 69 69 69 fermata 69 62 62 67 65 64 60 fermata 67 69 69 67 65 64 64 64 fermata 62 64 66 67 69 66 66 67 fermata 67 67 67 72 70 69 69 69 fermata 69 69 69 74 72 71 71 71 fermata 67 69 67 69 71 72 72 72 fermata 67 67 65 64 62 62 60 60 60 fermata )
( 72 74 76 74 72 71 69 67 fermata 72 74 76 77 76 74 72 72 fermata 72 74 76 74 72 71 69 67 fermata 72 74 76 77 76 74 72 72 fermata 76 77 79 77 76 74 76 76 fermata 79 79 81 79 77 76 74 74 fermata 76 77 79 77 76 72 74 76 76 72 72 fermata 76 79 77 76 74 76 74 74 72 72 fermata )
( 72 72 72 71 69 71 72 74 74 74 72 72 fermata 72 72 72 74 71 69 67 72 72 72 71 71 fermata 71 72 72 72 74 74 76 74 74 74 74 74 fermata 76 77 77 76 74 76 74 72 72 74 74 72 72 72 fermata )
( 72 72 67 72 74 76 76 fermata 79 81 79 77 79 76 76 fermata 79 77 76 74 72 74 74 fermata 76 72 77 76 74 72 72 fermata 76 77 79 79 77 76 74 74 fermata 76 72 72 74 76 77 77 76 fermata 79 77 74 76 77 79 79 fermata 72 74 76 77 76 74 74 72 fermata )
( 69 69 69 68 69 71 72 71 69 fermata 72 74 74 76 74 72 74 74 76 fermata 76 76 74 76 74 72 74 72 71 69 fermata 69 71 72 72 74 72 71 69 69 69 fermata 74 76 74 69 71 72 71 69 71 69 fermata 69 69 67 72 74 76 74 72 74 74 76 76 fermata 77 77 76 74 76 77 74 72 72 72 72 fermata 76 76 74 72 74 76 77 76 76 fermata 79 76 77 76 74 76 76 77 76 77 79 77 76 74 74 72 72 fermata 76 76 72 74 72 71 69 69 fermata 67 69 71 72 69 69 69 69 fermata 67 69 71 72 71 69 69 69 68 69 69 69 fermata )
( 72 72 74 76 74 72 74 74 76 fermata 72 74 76 77 79 77 76 74 74 72 fermata 72 72 74 76 74 72 74 74 76 fermata 72 74 76 77 79 77 76 74 74 72 fermata 76 76 74 72 71 72 74 76 74 fermata 74 72 71 72 67 72 74 76 fermata 72 74 76 77 79 77 76 74 74 72 fermata )
( 76 75 76 78 79 81 79 78 76 fermata 76 72 74 76 74 72 71 71 69 fermata 76 75 76 78 79 81 79 78 76 fermata 76 72 74 76 74 72 71 71 69 fermata 69 72 74 69 72 74 76 fermata 76 81 80 81 83 79 78 76 fermata 76 77 79 76 79 74 72 71 69 69 fermata 76 74 72 71 69 69 69 fermata )
( 71 72 71 69 76 76 74 72 71 fermata 74 72 71 69 74 72 71 69 fermata 71 72 71 69 76 76 74 72 71 fermata 74 72 71 69 74 72 71 69 69 71 67 66 64 66 67 69 71 fermata 67 69 71 72 71 72 69 68 69 fermata 69 76 72 74 76 74 72 71 71 71 71 71 fermata )
( 76 76 74 72 71 71 69 69 fermata 76 78 79 76 81 81 80 80 fermata 81 83 84 83 83 81 81 81 81 fermata 76 76 74 72 71 71 69 69 fermata 76 78 79 76 81 81 80 80 fermata 81 83 84 83 83 81 81 81 81 fermata 76 76 77 76 74 74 72 72 fermata 76 78 79 76 81 79 78 78 78 76 76 fermata 76 76 74 72 71 71 71 69 69 69 69 fermata )
( 76 76 77 79 77 76 74 74 74 74 fermata 76 77 76 74 72 72 72 fermata 71 69 71 72 74 72 71 69 69 69 69 fermata 71 72 71 69 67 67 67 fermata 76 76 77 79 77 76 74 74 74 74 fermata 76 77 76 74 72 72 72 fermata 77 76 77 79 76 74 76 77 74 72 72 72 72 72 fermata )
( 69 72 74 72 77 77 76 77 fermata 77 76 74 79 77 76 77 76 76 74 74 74 fermata 69 72 74 72 77 77 76 77 fermata 77 76 74 79 77 76 77 76 76 74 74 74 fermata 74 74 74 76 74 76 72 72 71 72 fermata 72 74 76 77 76 74 74 76 76 76 fermata 69 71 72 74 72 77 77 76 77 fermata 77 76 74 79 77 76 77 76 76 74 74 74 fermata )
( 69 69 68 69 71 72 71 69 fermata 69 71 71 76 74 72 72 71 fermata 69 69 68 69 71 72 71 69 fermata 69 71 71 76 74 72 72 71 fermata 76 74 72 71 74 72 71 69 fermata 72 71 69 67 66 64 66 67 69 71 fermata 69 71 72 74 76 74 72 74 72 71 71 69 69 69 fermata )
( 64 64 60 62 64 60 59 57 fermata 64 64 62 67 64 60 62 64 fermata 64 67 69 72 71 69 68 69 fermata 69 71 69 67 66 64 66 64 fermata 69 67 66 67 65 64 64 62 60 fermata 64 65 64 64 62 60 59 57 fermata )
( 72 72 71 69 67 72 74 76 fermata 76 76 74 76 76 74 72 74 74 72 fermata 72 72 71 69 67 72 74 76 fermata 76 76 74 76 76 74 72 74 74 72 fermata 72 72 74 76 74 76 72 71 69 fermata 69 74 72 71 72 71 69 67 fermata 67 72 72 74 74 76 74 76 72 fermata 72 77 77 76 74 76 74 fermata 74 76 76 77 77 79 77 76 77 79 72 fermata 76 74 72 71 72 71 69 67 fermata 67 72 71 69 67 74 76 74 fermata 76 77 76 74 72 74 76 74 72 72 72 fermata )
( 76 76 71 72 74 72 71 71 71 69 69 fermata 72 72 71 69 68 69 71 71 71 71 fermata 76 76 71 72 74 72 71 71 71 69 69 fermata 72 72 71 69 68 69 71 71 71 71 fermata 71 72 74 71 72 71 69 69 69 67 67 fermata 72 74 76 72 77 76 74 74 72 72 fermata 71 72 74 76 74 72 71 71 fermata 69 71 72 74 72 71 69 69 69 fermata )
( 79 79 72 77 77 76 74 76 76 69 74 74 72 71 72 72 76 74 72 71 72 71 69 68 69 68 65 64 83 83 86 84 83 81 80 81 81 84 83 81 79 77 79 79 82 81 79 77 76 77 76 79 79 72 77 77 76 74 76 76 69 74 74 72 71 72 72 76 74 72 71 72 71 69 68 69 68 65 64 83 83 86 84 83 81 80 81 81 84 83 81 79 77 79 79 82 81 79 77 76 77 76 81 81 84 83 81 79 77 79 79 82 81 79 77 76 77 77 81 79 77 76 77 76 74 72 79 81 83 84 79 79 72 77 77 76 74 76 76 79 77 76 74 73 74 74 77 76 74 72 71 74 72 72 74 72 71 69 81 81 84 83 81 79 81 79 77 76 76 76 79 77 76 74 73 74 74 77 76 74 73 74 71 73 74 69 74 74 72 71 72 72 76 74 72 71 72 74 74 77 76 74 72 76 81 81 80 fermata )
( 76 72 74 76 77 76 74 72 71 72 74 72 71 69 69 fermata 77 76 81 79 71 77 76 74 74 74 72 fermata 76 72 74 76 77 76 74 72 71 72 74 72 71 69 69 fermata 77 76 81 79 71 77 76 74 74 74 72 fermata 76 74 76 72 74 76 77 79 77 76 77 76 74 fermata 77 71 81 80 81 79 77 76 74 84 83 81 80 78 76 fermata 81 77 76 74 76 68 69 74 72 71 69 69 fermata )
( 72 72 72 72 74 70 69 67 fermata 74 76 74 72 71 69 71 69 67 fermata 72 72 72 72 74 70 69 67 fermata 74 76 74 72 71 69 71 69 67 fermata 79 77 76 74 72 72 74 76 74 fermata 76 77 76 74 73 74 74 74 fermata 67 72 74 76 77 79 77 76 74 fermata 77 76 74 79 72 74 76 74 72 fermata )
( 79 79 79 74 76 78 79 78 76 74 fermata 79 78 76 74 76 74 72 71 69 67 fermata 79 79 79 74 76 78 79 78 76 74 fermata 79 78 76 74 76 74 72 71 69 67 fermata 67 74 76 74 73 74 74 fermata 67 74 76 78 79 fermata 78 79 78 76 76 74 fermata 76 76 74 76 74 72 71 fermata 79 78 76 74 76 74 72 71 69 67 fermata )
( 60 62 64 65 67 67 69 71 72 72 fermata 60 62 64 65 67 67 65 64 62 62 fermata 64 64 60 60 65 64 62 62 60 60 60 60 fermata 60 62 64 65 67 67 69 71 72 72 fermata 60 62 64 65 67 67 65 64 62 62 fermata 64 64 60 60 65 64 62 62 60 60 60 60 fermata 67 67 62 64 65 65 64 62 62 62 fermata 67 67 69 71 72 64 62 62 60 60 fermata )
( 76 72 74 76 77 79 77 77 76 fermata 76 77 79 79 74 76 72 72 71 fermata 67 72 74 76 77 79 77 76 74 74 74 fermata 76 72 74 76 77 79 77 77 76 fermata 76 77 79 79 74 76 72 72 71 fermata 67 72 74 76 77 76 74 72 fermata )
( 72 79 79 79 79 81 79 77 76 fermata 74 76 78 79 79 78 79 79 79 fermata 79 79 79 79 77 76 77 79 77 76 74 fermata 79 77 76 74 74 72 74 76 77 79 fermata 79 77 76 74 74 72 72 72 fermata )
( 72 71 69 67 65 64 69 69 67 fermata 72 71 69 67 65 64 69 69 67 fermata 67 69 71 72 74 76 74 74 72 fermata 72 71 69 67 65 64 69 69 67 fermata 72 71 69 67 65 64 69 69 67 fermata 67 69 71 72 74 76 74 74 72 fermata 72 72 74 72 69 71 72 74 71 fermata 71 72 74 72 71 69 71 72 74 71 fermata 76 77 76 74 76 74 72 72 71 72 fermata 71 72 71 69 71 67 67 69 66 67 fermata 76 74 72 71 fermata 76 77 76 74 76 74 72 71 69 74 71 72 fermata 72 72 72 74 72 72 71 72 fermata )
( 60 67 64 60 67 69 69 67 fermata 67 69 71 72 71 69 69 67 fermata 64 69 67 65 64 62 62 60 fermata 60 67 64 60 67 69 69 67 fermata 67 69 71 72 71 69 69 67 fermata 64 69 67 65 64 62 62 60 fermata 67 67 64 64 fermata 67 67 64 64 fermata 65 64 62 64 65 64 62 64 65 64 62 62 60 60 fermata 72 71 69 67 65 64 62 62 60 )
( 72 71 69 67 fermata 67 69 71 72 fermata 74 72 71 69 71 72 69 69 67 fermata 72 71 72 74 fermata 74 76 74 72 74 fermata 67 69 71 72 74 76 74 72 74 74 72 72 72 72 72 72 72 fermata )
( 67 65 64 69 69 71 71 72 72 fermata 69 67 65 67 65 64 62 64 60 60 fermata 67 65 64 69 69 71 71 72 72 fermata 69 67 65 67 65 64 62 64 60 60 fermata 60 62 64 64 64 62 62 62 64 65 65 65 64 64 64 64 69 67 65 67 65 64 65 64 62 60 60 fermata 60 62 64 64 64 62 62 62 64 65 65 65 64 64 64 69 67 65 67 65 64 65 64 62 60 60 60 fermata )
( 69 69 71 72 74 76 76 76 fermata 76 76 74 72 74 71 71 71 fermata 71 72 74 76 76 74 74 76 fermata 76 72 74 76 76 74 74 72 fermata 76 79 76 76 76 74 74 74 fermata 74 76 74 72 74 72 71 71 69 fermata )
( 72 74 76 74 72 71 69 67 fermata 72 74 76 74 76 77 76 74 72 72 72 fermata 72 74 76 74 72 71 69 67 fermata 72 74 76 74 76 77 76 74 72 72 72 fermata 76 77 79 77 76 74 76 76 fermata 79 79 81 79 77 76 74 74 fermata 76 79 77 76 74 72 74 76 76 72 72 fermata 76 79 77 76 74 72 74 74 72 72 fermata )
( 76 76 74 72 71 71 69 69 fermata 76 78 79 76 81 81 80 80 fermata 81 83 84 83 83 81 81 81 81 fermata 76 76 74 72 71 71 69 69 fermata 76 78 79 76 81 81 80 80 fermata 81 83 84 83 83 81 81 81 81 fermata 76 76 77 76 74 74 72 72 fermata 76 78 79 76 81 79 78 78 76 76 fermata 76 76 74 72 71 71 69 69 69 69 fermata )
( 72 72 72 71 67 69 71 72 fermata 72 71 69 67 65 64 62 64 fermata 64 62 64 66 67 69 67 66 67 fermata 67 69 71 72 71 69 69 67 fermata 67 65 64 69 67 65 64 62 fermata 62 64 66 67 69 67 66 67 fermata )
( 72 72 71 69 71 72 74 76 74 74 72 fermata 72 71 69 71 72 74 71 71 69 fermata 72 72 71 69 71 72 74 76 74 74 72 fermata 72 71 69 71 72 74 71 71 69 fermata 74 76 76 71 72 74 72 72 71 fermata 72 74 69 71 72 71 69 69 67 fermata 72 71 69 71 72 74 72 71 71 69 fermata )
( 64 69 67 65 64 62 62 64 fermata 71 72 72 71 69 71 69 69 69 fermata 64 69 67 65 64 62 62 64 fermata 71 72 72 71 69 71 69 69 69 fermata 72 71 69 67 69 71 72 72 72 fermata 67 69 67 65 64 65 64 64 64 fermata 72 71 72 74 72 71 69 69 71 fermata 64 65 64 62 67 64 64 64 fermata )
( 69 64 69 71 72 74 71 71 69 69 fermata 72 71 69 71 72 74 76 76 76 76 fermata 69 64 69 71 72 74 71 71 69 69 fermata 72 71 69 71 72 74 76 76 76 76 fermata 76 77 79 72 77 76 74 74 72 72 fermata 74 74 76 69 74 72 71 71 69 69 fermata )
( 72 72 72 74 72 77 79 77 77 fermata 76 77 79 81 79 77 76 74 72 fermata 72 77 76 77 79 74 72 71 69 67 fermata 67 74 74 74 76 77 76 74 72 74 76 74 74 fermata 72 72 72 72 72 fermata )
( 76 72 74 76 77 79 77 77 76 fermata 76 77 79 79 74 76 74 72 72 71 fermata 67 72 74 76 77 79 77 76 74 74 fermata 76 72 74 76 77 79 77 77 76 fermata 76 77 79 79 74 76 72 72 71 fermata 67 72 74 76 74 76 77 76 74 72 fermata )
( 67 67 67 67 69 70 69 67 65 fermata 67 65 64 62 60 62 64 66 67 69 67 fermata 67 67 67 67 69 70 69 67 65 fermata 67 65 64 62 60 62 64 66 67 69 67 fermata 67 72 71 69 71 72 71 69 67 fermata 67 72 67 69 64 65 67 65 64 fermata 64 62 64 65 64 62 57 59 60 fermata )
( 67 64 62 60 67 67 69 69 69 fermata 69 62 62 67 65 64 62 60 fermata 67 69 69 67 65 64 64 64 fermata 62 64 66 67 69 71 72 71 69 67 67 fermata 67 67 67 72 70 69 69 69 fermata 69 69 69 74 72 71 71 71 fermata 67 69 67 69 71 72 72 72 fermata 67 67 65 64 62 64 65 62 60 60 60 fermata )
( 64 64 60 62 64 60 59 57 fermata 64 64 62 67 64 60 62 64 fermata 64 67 69 71 72 71 69 68 69 fermata 69 71 69 67 66 64 66 64 fermata 69 67 66 67 64 64 62 60 fermata 64 65 64 62 60 62 60 59 57 fermata )
( 67 72 74 76 77 79 77 76 fermata 81 79 77 76 77 74 74 72 fermata 67 72 74 76 77 79 77 76 fermata 81 79 77 76 77 74 74 72 fermata 79 81 81 74 fermata 74 79 79 72 fermata 76 74 72 71 72 69 69 67 fermata 79 77 76 74 76 74 74 72 fermata )
( 69 69 68 69 71 72 71 69 fermata 69 71 71 76 74 72 72 71 fermata 69 69 68 69 71 72 71 69 fermata 69 71 71 76 74 72 72 71 fermata 76 74 72 71 72 74 72 71 69 fermata 72 71 69 67 66 64 66 67 69 69 71 fermata 71 72 74 76 74 72 74 71 71 69 69 69 fermata )
( 74 74 72 74 70 69 70 72 69 67 fermata 67 69 70 72 74 72 77 76 74 fermata 74 79 81 79 74 76 74 72 fermata 72 74 76 78 79 77 76 77 79 76 74 fermata )
( 72 72 72 71 69 69 67 72 74 74 76 76 fermata 76 76 76 76 76 76 74 72 74 74 72 72 72 fermata 72 72 72 71 69 69 67 72 74 74 76 76 fermata 76 76 76 76 76 76 74 72 74 74 72 72 72 fermata 72 72 74 76 74 74 76 72 71 69 71 69 69 fermata 69 74 72 71 72 69 69 67 67 fermata 67 72 72 72 74 76 77 76 74 76 72 72 fermata 72 77 77 77 76 74 76 74 74 fermata 74 76 76 76 77 77 77 79 77 76 74 72 72 fermata 76 74 72 71 72 69 69 67 67 fermata 67 72 72 71 69 69 67 74 76 74 74 74 fermata 76 77 76 74 72 74 74 72 72 72 fermata )
( 76 76 71 72 74 72 71 71 69 fermata 72 72 71 69 68 69 71 71 fermata 76 76 71 72 74 72 71 71 69 fermata 72 72 71 69 68 69 71 71 fermata 71 72 74 71 72 71 69 69 67 fermata 72 74 76 76 77 76 74 74 72 fermata 76 76 74 76 72 74 76 76 fermata 76 76 74 72 71 71 69 69 fermata )
( 79 79 79 79 79 79 78 78 79 79 79 fermata 79 79 76 79 77 79 81 83 84 84 84 fermata 79 79 79 79 79 79 78 78 79 79 79 fermata 79 79 76 79 77 79 81 83 84 84 84 fermata 79 77 79 81 79 81 83 84 84 84 fermata 72 72 72 72 72 72 72 74 76 74 76 77 79 79 79 fermata 76 77 76 74 72 72 74 76 77 79 77 76 77 79 81 77 79 81 81 81 fermata 79 81 79 77 76 77 79 79 81 83 84 84 83 83 84 84 84 fermata )
( 67 67 69 69 71 71 72 74 72 72 fermata 74 74 72 72 71 69 71 72 69 69 67 67 fermata 67 67 69 69 67 65 64 64 64 fermata 67 67 65 65 64 62 64 65 62 62 60 60 fermata 67 67 69 69 71 71 72 74 72 72 fermata 67 67 69 70 69 67 65 64 62 64 65 62 60 60 fermata )
( 69 69 71 72 71 76 74 72 71 fermata 72 71 69 76 74 76 69 71 73 74 fermata 72 71 76 74 72 71 71 71 fermata 69 71 72 72 74 74 76 76 72 fermata 76 74 72 71 69 71 72 71 69 fermata )
( 72 72 69 71 72 74 76 74 74 72 fermata 72 71 69 71 72 74 72 71 71 69 fermata 72 72 69 71 72 74 76 74 74 72 fermata 72 71 69 71 72 74 72 71 71 69 fermata 74 76 76 71 72 74 72 72 71 fermata 72 74 69 71 72 71 69 69 67 fermata 72 71 69 71 72 74 72 71 71 69 fermata )
( 62 64 64 62 60 60 57 60 60 60 62 62 fermata 64 65 65 69 67 67 65 64 64 64 62 62 fermata 62 64 64 62 60 60 57 60 60 60 62 62 fermata 64 65 65 69 67 67 65 64 64 64 62 62 fermata 67 67 67 67 69 69 67 65 64 62 60 60 fermata 60 65 65 64 65 65 67 69 69 67 65 64 62 61 61 fermata 64 65 65 69 67 67 65 64 64 64 62 62 fermata )
( 60 60 62 64 62 60 59 59 57 fermata 64 65 62 64 62 60 60 60 fermata 60 60 62 64 62 60 59 59 57 fermata 64 65 62 64 62 60 60 60 fermata 60 62 64 64 65 65 67 67 62 fermata 67 64 64 62 60 59 59 57 fermata 64 65 62 64 62 60 60 60 fermata )
( 69 69 71 72 74 76 76 76 fermata 76 76 74 72 74 71 71 71 fermata 71 72 74 76 76 74 74 76 fermata 76 72 74 76 76 74 74 72 fermata 76 79 76 76 76 74 74 74 fermata 74 76 74 72 74 71 71 69 fermata )
( 60 67 64 62 60 67 69 71 72 69 67 fermata 67 69 71 72 71 69 72 71 69 67 fermata 64 69 67 65 64 62 62 60 fermata 60 67 64 62 60 67 69 71 72 69 67 fermata 67 69 71 72 71 69 72 71 69 67 fermata 64 69 67 65 64 62 62 60 fermata 67 67 64 64 fermata 67 67 64 64 fermata 64 64 62 62 64 64 62 64 65 64 62 62 60 60 fermata 72 71 69 67 65 64 62 62 60 fermata )
( 60 60 62 64 62 60 64 66 67 fermata 67 65 64 62 60 62 64 66 67 fermata 69 67 65 64 65 62 62 60 fermata 60 60 62 64 62 60 64 66 67 fermata 67 65 64 62 60 62 64 66 67 fermata 69 67 65 64 65 62 62 60 fermata 72 72 72 71 67 69 69 64 fermata 72 72 72 71 67 69 69 67 fermata 64 65 67 69 67 64 65 65 64 fermata 62 64 65 67 67 65 64 62 fermata 67 69 71 72 71 69 69 67 fermata 60 62 64 65 64 62 62 60 fermata )
( 76 76 76 76 74 72 71 71 fermata 69 68 69 71 72 74 72 71 71 fermata 69 71 72 71 69 69 67 65 64 64 fermata 62 61 62 64 65 67 65 64 64 fermata 69 69 69 67 65 64 62 62 fermata 67 69 71 72 74 76 74 72 71 71 fermata 69 71 72 71 69 69 67 65 64 64 fermata 62 61 62 64 65 67 69 67 65 64 64 fermata )
( 67 69 71 72 74 74 72 71 69 fermata 74 76 78 79 78 76 76 76 74 fermata 67 69 71 72 74 74 72 71 69 fermata 74 76 78 79 78 76 76 76 74 fermata 74 79 78 76 76 74 72 71 69 69 fermata 74 72 71 69 71 72 71 69 67 fermata )
( 67 64 67 69 67 65 65 64 fermata 64 62 64 62 62 60 60 60 fermata 67 64 67 69 67 65 65 64 fermata 64 62 64 62 62 60 60 60 fermata 62 62 64 65 67 65 64 64 62 fermata 62 64 66 67 69 67 66 67 67 67 fermata 67 64 67 69 67 65 65 64 fermata 64 62 64 62 62 60 60 60 fermata )
( 72 69 65 72 72 74 74 fermata 74 67 67 72 70 69 67 65 fermata 72 74 74 72 70 69 69 fermata 67 69 71 72 74 76 77 76 74 72 fermata 72 72 72 77 75 74 74 74 fermata 74 74 74 79 77 76 76 76 fermata 72 74 72 74 76 77 77 fermata 72 74 72 70 69 67 67 65 65 65 fermata )
( 72 74 76 77 79 77 76 74 76 fermata 76 76 74 76 77 76 74 72 74 74 72 fermata 72 74 76 77 79 77 76 74 76 fermata 76 76 74 76 77 76 74 72 74 74 72 72 74 76 77 76 74 76 76 74 fermata 74 76 77 79 77 76 74 76 fermata 76 76 74 76 77 76 74 72 74 74 72 fermata )
( 69 69 67 65 64 69 67 65 64 65 fermata 69 69 67 65 64 69 67 65 64 65 fermata 69 71 73 74 69 71 72 71 69 fermata 71 72 71 69 69 67 65 64 65 fermata 67 67 69 67 65 64 65 65 64 fermata 71 72 71 69 64 69 69 68 fermata )
( 76 76 81 79 77 76 77 76 76 76 fermata 76 77 79 72 74 76 74 74 72 fermata 76 76 81 79 77 76 77 76 76 76 fermata 76 77 79 72 74 76 74 74 72 fermata 74 74 76 77 81 79 77 76 76 76 fermata 76 74 79 81 83 81 79 78 79 79 79 fermata 79 79 76 77 79 81 81 81 74 76 77 79 77 76 76 74 72 72 72 72 fermata )
( 72 76 76 74 76 76 77 79 79 79 76 76 fermata 81 81 81 81 81 81 79 79 79 79 79 79 77 77 77 77 76 77 fermata 76 81 77 74 76 76 fermata 79 81 81 83 84 84 83 81 81 81 79 79 76 74 74 72 72 72 71 72 72 fermata )
( 72 71 72 74 74 72 74 76 fermata 77 76 74 72 71 69 71 72 74 74 72 72 72 fermata 72 71 72 74 74 72 74 76 fermata 77 76 74 72 71 69 71 72 74 74 72 72 72 fermata 72 74 76 77 76 74 72 74 72 71 69 fermata 71 67 67 74 76 77 76 74 72 fermata 79 76 77 76 74 72 71 72 74 74 72 72 72 fermata )
( 72 71 72 74 74 72 74 76 76 fermata 77 76 74 72 71 72 74 74 72 72 fermata 72 71 72 74 74 72 74 76 76 fermata 77 76 74 72 71 72 74 74 72 72 fermata 72 74 76 77 76 74 72 74 72 71 69 69 fermata 71 67 67 74 76 77 76 74 72 72 fermata 79 76 76 74 72 71 72 74 74 72 72 fermata )
( 67 64 62 62 60 60 fermata 67 69 67 67 fermata 72 72 71 71 69 67 67 67 fermata 67 69 67 65 64 64 fermata 62 64 66 67 67 66 67 67 fermata 67 69 65 65 64 65 64 62 60 60 fermata 64 62 62 60 fermata 67 67 66 67 fermata 72 72 71 69 69 67 67 fermata 67 69 67 65 65 64 65 64 62 62 60 60 fermata )
( 76 76 79 79 76 76 76 76 77 77 76 76 74 74 74 74 72 72 72 72 fermata 76 76 79 79 74 74 74 74 74 74 69 71 72 72 71 71 69 69 69 69 69 69 69 69 fermata )
( 69 71 72 71 69 fermata 69 72 71 69 fermata 76 74 72 71 fermata 71 72 72 74 74 76 76 74 72 71 71 69 fermata 76 74 72 71 fermata 76 74 72 71 fermata 71 72 72 74 74 76 76 74 72 71 71 69 fermata )
( 72 67 69 71 72 74 76 72 fermata 76 77 79 79 76 77 79 77 77 76 fermata 76 77 76 74 72 74 76 76 74 72 fermata 76 77 79 79 76 79 77 77 76 fermata 76 77 76 74 72 74 76 76 72 fermata 74 76 76 69 71 72 71 69 67 fermata 67 72 74 76 74 76 77 76 74 74 72 72 72 fermata )
( 72 74 76 76 74 72 70 69 71 72 74 76 fermata 74 72 71 71 69 69 67 76 72 69 74 74 71 67 72 72 74 74 76 65 67 67 69 62 64 65 67 64 fermata 72 74 76 76 74 72 70 69 71 72 74 76 fermata 74 72 71 71 69 69 67 76 72 69 74 74 71 67 72 72 74 74 76 65 67 67 69 62 64 65 67 64 fermata 67 71 74 74 72 71 72 72 74 72 71 72 69 71 72 74 76 77 79 67 69 71 72 74 74 72 71 72 76 74 72 71 69 67 65 64 62 60 59 57 65 64 62 64 67 69 71 72 64 65 67 69 77 77 76 76 74 74 72 72 74 76 71 72 fermata )
( 76 76 74 72 71 71 69 69 fermata 76 78 79 76 81 81 80 80 fermata 81 84 83 83 81 81 81 81 fermata 76 76 74 72 71 71 69 69 fermata 76 78 79 76 81 81 80 80 fermata 81 84 83 83 81 81 81 81 fermata 76 76 77 76 74 74 72 72 fermata 76 78 79 76 81 79 78 78 78 76 76 fermata 76 76 74 72 71 71 69 69 69 69 fermata )
( 62 69 69 67 74 72 71 69 fermata 72 69 72 71 69 71 69 69 69 fermata 71 72 71 72 69 67 65 67 64 62 62 fermata 69 67 65 64 62 60 60 fermata 69 65 72 69 67 65 67 69 fermata 67 65 64 62 61 65 64 65 64 62 fermata )
( 72 74 76 77 79 77 76 74 76 fermata 76 76 74 76 77 76 74 72 74 72 fermata 72 74 76 77 79 77 76 74 76 fermata 76 76 74 76 77 76 74 72 74 72 fermata 72 74 76 77 76 74 76 74 fermata 74 76 77 79 77 76 74 76 fermata 72 74 76 77 76 74 72 69 71 72 fermata )
( 81 81 79 81 79 77 76 74 76 77 76 77 76 74 72 79 77 79 81 79 77 76 74 76 77 76 77 76 74 72 81 81 79 81 79 77 76 74 76 77 76 77 76 74 72 79 77 79 81 79 77 76 74 76 77 76 77 76 74 72 79 77 79 81 79 77 76 74 76 77 76 77 76 74 72 79 77 79 81 79 77 76 74 76 77 76 77 76 74 72 81 79 81 82 81 79 77 76 77 79 77 79 77 76 74 81 79 81 82 81 79 77 76 77 79 77 79 77 76 74 81 81 79 81 79 77 76 74 76 77 76 77 76 74 72 )
( 79 79 79 79 81 82 81 79 77 fermata 79 77 76 74 72 74 76 78 79 81 79 fermata 79 79 79 79 81 82 81 79 77 fermata 79 77 76 74 72 74 76 78 79 81 79 fermata 79 84 83 81 83 84 83 81 79 fermata 79 84 79 81 76 77 79 77 76 fermata 76 74 76 77 76 74 72 74 74 72 fermata )
( 79 79 79 81 81 79 79 79 fermata 76 77 76 74 76 77 74 74 72 fermata 79 79 79 81 81 79 79 79 fermata 76 77 76 74 76 77 74 74 72 fermata 74 74 74 76 76 74 74 74 fermata 74 76 78 79 79 78 79 79 79 fermata 79 81 79 77 76 77 77 77 fermata 76 74 76 77 74 74 72 72 72 72 fermata )
( 81 79 77 74 71 76 69 76 81 80 81 76 76 76 fermata 76 81 74 72 71 76 72 71 69 76 76 76 fermata 76 74 72 81 79 77 76 74 72 84 83 84 83 81 80 81 83 79 79 72 71 69 67 77 76 84 81 77 74 79 76 fermata 79 79 74 76 79 83 74 72 76 81 79 81 78 79 fermata 81 80 81 83 80 84 76 81 81 84 83 81 80 81 fermata )
( 64 69 71 72 74 71 69 67 fermata 67 69 69 71 71 64 64 64 fermata 64 69 71 72 74 72 71 69 67 fermata 67 69 69 71 71 64 64 64 fermata 76 74 72 72 71 72 72 72 fermata 71 72 74 76 76 74 72 71 fermata 71 72 71 69 69 71 69 67 fermata 67 65 64 69 69 71 68 69 69 69 fermata )
( 67 72 74 76 77 79 77 76 fermata 81 79 77 76 77 74 74 72 fermata 67 72 74 76 77 79 77 76 fermata 81 79 77 76 77 74 74 72 fermata 79 81 81 74 fermata 74 79 79 72 fermata 76 74 72 71 72 69 69 67 fermata 79 77 76 74 76 74 74 72 fermata )
( 72 72 72 71 69 69 67 72 74 74 76 76 fermata 76 76 76 76 74 74 76 77 76 76 74 74 fermata 72 74 74 76 74 74 72 69 71 71 72 72 fermata 79 76 76 72 74 74 77 76 74 74 72 72 fermata )
( 67 67 67 67 69 70 69 67 65 fermata 67 65 64 62 60 62 64 66 67 69 69 67 fermata 67 67 67 67 69 70 69 67 65 fermata 67 65 64 62 60 62 64 66 67 69 69 67 fermata 67 72 71 69 71 72 71 69 67 fermata 67 72 67 69 64 65 67 65 64 fermata 64 62 64 65 64 62 57 59 60 fermata )
( 72 72 69 71 72 74 76 74 74 72 fermata 72 71 69 71 72 74 72 71 71 69 fermata 72 72 69 71 72 74 76 74 74 72 fermata 72 71 69 71 72 74 72 71 71 69 fermata 74 76 76 71 72 74 72 72 71 fermata 72 74 69 71 72 71 69 69 67 fermata 72 71 69 71 72 74 72 71 71 69 fermata )
( 67 65 64 69 71 72 72 71 71 fermata 69 71 72 67 65 64 65 64 62 60 fermata 67 65 64 69 71 72 72 71 71 fermata 69 71 72 67 65 64 65 64 62 60 fermata 64 66 68 69 71 72 71 69 69 fermata 71 72 74 76 74 74 72 72 fermata )
( 64 69 71 72 71 69 71 68 66 64 fermata 67 67 65 64 69 69 68 69 69 69 fermata 64 69 71 72 71 69 71 68 66 64 fermata 67 67 65 64 69 69 68 69 69 69 fermata 71 72 74 76 76 74 74 72 fermata 76 74 72 71 69 72 71 69 fermata )
( 57 59 60 59 60 62 64 64 64 fermata 67 66 64 64 63 64 64 64 fermata 57 59 60 59 60 62 64 64 64 fermata 67 66 64 64 63 64 64 64 fermata 64 66 67 69 67 66 67 65 64 fermata 64 62 60 60 59 60 60 60 fermata 64 62 60 62 64 62 60 60 59 fermata 60 62 60 59 59 57 57 57 fermata )
( 72 72 72 72 74 70 69 67 fermata 74 76 74 72 71 69 71 69 67 fermata 67 72 72 72 74 71 69 67 fermata 74 76 74 72 71 69 71 69 67 fermata 79 77 76 74 72 72 74 76 74 fermata 76 77 76 74 73 74 74 74 fermata 67 72 74 76 77 79 77 76 74 fermata 77 76 74 79 77 76 74 72 74 76 74 72 72 72 fermata )
( 72 79 79 79 79 81 79 77 76 fermata 74 76 78 79 79 81 78 79 79 79 fermata 79 79 79 79 77 76 77 79 77 76 74 fermata 79 77 76 74 74 76 72 74 76 77 79 fermata 79 77 76 74 74 72 72 72 fermata )
( 60 60 62 64 66 67 67 67 66 67 67 fermata 64 65 65 64 62 62 62 62 62 62 60 60 60 fermata 60 60 62 64 66 67 67 67 66 67 67 fermata 64 65 65 64 62 62 62 62 62 62 60 60 60 fermata 62 62 64 65 65 65 64 62 64 62 62 62 fermata 64 64 64 65 67 69 69 69 68 69 69 fermata 71 72 64 64 65 65 64 62 62 fermata 67 69 67 65 64 62 62 60 60 60 60 fermata )
( 88 86 86 84 84 93 91 91 84 83 84 93 91 91 84 83 84 84 83 83 81 81 89 88 88 81 80 81 89 88 88 81 80 81 83 81 81 79 79 88 86 86 79 78 79 88 86 86 79 78 79 88 86 86 84 84 93 91 91 84 83 84 93 91 91 84 83 84 84 84 )
( 64 69 67 65 64 62 62 64 fermata 71 72 72 71 72 74 71 69 69 69 fermata 64 69 67 65 64 62 62 64 fermata 71 72 72 71 72 74 71 69 69 69 fermata 72 71 69 67 69 71 72 72 72 fermata 67 69 67 65 64 65 64 64 64 fermata 72 71 72 74 72 71 69 69 71 fermata 64 65 64 62 67 65 64 64 64 fermata )
( 76 76 77 76 76 74 76 76 fermata 79 79 81 81 74 79 77 76 76 fermata 72 74 76 74 72 71 69 69 69 fermata 76 77 79 76 77 76 74 74 72 fermata 76 76 81 81 74 74 fermata 76 77 79 79 77 76 74 74 fermata 76 77 79 76 77 76 74 76 76 74 72 71 71 69 69 fermata )
( 67 72 74 76 77 79 81 79 77 76 76 fermata 81 79 77 76 74 76 77 76 74 72 72 fermata 67 72 74 76 77 79 81 79 77 76 76 fermata 81 79 77 76 74 76 77 76 74 72 72 fermata 79 81 81 74 fermata 74 79 79 72 76 74 72 fermata 67 79 79 78 79 fermata 79 77 76 74 76 77 74 74 72 fermata )
( 79 79 79 77 76 74 76 77 79 76 76 fermata 74 76 76 78 79 79 79 78 79 79 fermata 76 77 79 79 72 77 76 74 79 79 fermata 76 76 77 79 79 81 74 76 77 79 76 76 fermata 72 74 76 78 79 74 79 79 78 76 78 81 79 76 76 fermata 76 81 79 81 84 83 84 84 83 84 84 fermata )
( 69 70 72 74 72 77 77 76 77 fermata 77 76 74 79 77 76 76 76 74 fermata 69 70 72 74 72 77 77 76 77 fermata 77 76 74 79 77 76 76 76 74 fermata 74 74 74 76 77 76 74 72 72 71 72 fermata 72 74 76 77 76 74 74 76 fermata 69 70 72 74 72 77 77 76 77 fermata 77 76 74 79 77 76 76 76 74 fermata )
( 76 77 79 79 77 76 74 74 fermata 76 77 79 76 74 74 72 72 fermata 76 77 79 79 77 76 74 74 fermata 76 77 79 76 74 74 72 72 fermata 74 76 77 77 76 74 74 74 fermata 77 79 81 81 79 79 77 77 77 fermata 76 77 79 72 77 76 74 74 fermata 76 77 79 76 74 74 72 72 fermata )
( 72 67 69 71 72 74 76 72 fermata 76 77 79 79 76 77 79 77 77 76 fermata 76 77 76 74 72 74 76 76 72 fermata 76 77 79 79 76 77 79 77 77 76 fermata 76 77 76 74 72 74 76 76 72 fermata 74 76 76 69 71 72 71 69 67 fermata 67 72 74 76 74 76 77 76 74 74 72 72 72 fermata )
( 71 72 71 69 71 72 74 76 74 72 71 71 fermata 74 72 71 72 71 69 67 65 64 fermata 71 72 71 69 71 72 74 76 74 72 71 71 fermata 74 72 71 72 71 69 67 65 64 fermata 67 65 64 62 64 62 60 62 62 64 fermata 71 72 71 69 67 69 71 72 74 71 fermata 76 74 72 71 72 74 69 67 65 64 fermata 62 67 69 71 72 74 72 71 69 fermata 72 71 69 67 65 64 65 67 65 64 64 64 64 64 fermata )
( 72 74 76 77 79 77 76 74 76 fermata 76 76 74 76 77 76 74 72 74 74 72 fermata 72 74 76 77 79 77 76 74 76 fermata 76 76 74 76 77 76 74 72 74 74 72 72 74 76 77 76 74 76 76 74 fermata 74 76 77 79 77 76 74 76 fermata 76 76 74 76 77 76 74 72 74 74 72 fermata )
( 76 72 74 76 77 79 77 77 76 fermata 76 77 79 79 74 76 72 72 71 fermata 67 72 74 76 76 74 74 74 74 fermata 76 72 74 76 77 79 77 77 76 fermata 76 79 79 74 76 72 72 71 fermata 67 72 74 76 77 76 74 74 72 fermata )
( 64 64 62 60 59 59 57 57 fermata 64 66 67 64 69 69 68 68 fermata 69 71 72 71 71 69 69 69 69 fermata 64 64 62 60 59 59 57 57 fermata 64 66 67 64 69 69 68 68 fermata 69 71 72 71 71 69 69 69 69 fermata 64 64 65 64 62 62 60 60 fermata 64 66 67 66 64 69 67 66 66 66 64 64 fermata 64 64 62 60 59 59 57 57 57 57 fermata )
( 72 72 74 72 74 76 77 77 76 77 77 fermata 79 81 77 77 fermata 76 77 79 74 74 fermata 79 79 77 76 74 74 72 72 72 fermata 77 77 76 77 74 79 79 78 79 79 fermata 79 81 77 77 fermata 76 77 79 74 74 fermata 79 79 77 76 74 74 74 72 72 72 fermata )
( 76 76 79 79 76 76 76 76 77 77 76 76 74 74 74 74 72 72 72 72 fermata 76 76 79 79 74 74 74 69 72 72 71 71 69 69 69 69 fermata 76 76 79 79 76 76 76 76 77 77 76 76 74 74 74 74 72 72 72 72 fermata 76 76 79 79 74 74 74 74 74 74 69 71 72 72 71 71 69 69 69 69 69 69 69 69 69 69 69 69 69 69 69 69 fermata )
( 72 67 69 71 72 74 76 74 72 72 71 72 72 fermata 76 74 72 71 69 67 69 71 72 74 74 74 72 71 71 69 69 fermata 72 67 69 71 72 74 76 74 72 72 71 72 72 fermata 76 74 72 71 69 67 69 71 72 74 74 74 72 71 71 69 69 fermata 76 77 74 76 72 74 76 69 fermata 76 77 74 76 72 74 76 69 69 fermata 72 71 69 67 69 65 65 64 69 67 72 72 71 72 fermata 67 69 71 72 74 76 76 74 74 72 71 71 69 69 fermata )
( 69 71 72 71 69 fermata 69 71 72 71 69 fermata 76 74 72 71 fermata 71 72 72 74 74 76 76 74 72 71 71 69 fermata 76 74 72 71 71 fermata 76 74 72 71 fermata 71 72 72 74 74 76 76 74 72 71 71 71 69 fermata )
( 72 72 74 76 78 79 79 78 79 fermata 76 77 76 74 76 74 74 72 fermata 72 72 74 76 78 79 79 78 79 fermata 76 77 76 74 76 74 74 72 fermata 74 74 76 77 77 76 74 76 74 fermata 76 76 76 77 79 81 81 80 81 fermata 83 84 76 77 76 74 74 74 fermata 79 81 79 77 76 77 74 74 72 fermata )
( 72 72 74 76 74 72 74 74 76 fermata 72 74 76 77 79 77 76 74 72 74 72 fermata 72 72 74 76 74 72 74 74 76 fermata 72 74 76 77 79 77 76 74 72 74 72 fermata 76 76 74 72 71 72 74 76 74 fermata 74 72 71 72 67 72 74 76 fermata 72 74 76 77 79 77 76 74 72 74 72 fermata )
( 76 72 74 76 77 79 77 77 76 fermata 76 77 79 79 74 76 74 72 72 71 fermata 67 72 74 76 77 79 77 76 74 74 74 fermata 76 72 74 76 77 79 77 77 76 fermata 76 77 79 79 74 76 72 72 71 fermata 67 72 74 76 77 79 77 76 74 72 fermata )
( 64 69 71 72 74 71 69 67 fermata 67 69 69 71 69 71 64 64 64 fermata 64 69 71 72 74 71 69 67 fermata 67 69 69 71 69 71 64 64 64 fermata 76 74 72 72 71 72 72 72 fermata 71 72 74 76 76 74 72 71 fermata 71 72 74 72 71 69 69 69 71 72 71 69 67 fermata 65 64 69 69 71 68 69 69 69 fermata )
( 76 77 79 79 77 76 74 74 fermata 76 77 79 77 76 74 74 72 72 fermata 76 77 79 79 77 76 74 74 fermata 76 77 79 77 76 74 74 72 72 fermata 74 76 77 77 76 76 74 74 fermata 77 79 81 81 79 79 77 77 fermata 76 77 79 79 77 76 74 74 fermata 76 77 79 77 76 74 74 72 72 fermata )
( 76 74 72 74 76 77 79 77 77 76 fermata 76 77 79 79 74 76 74 72 72 71 fermata 67 72 74 76 74 76 77 74 74 fermata 76 74 72 74 76 77 79 77 77 76 fermata 76 77 79 79 74 76 74 72 72 71 fermata 67 72 74 76 77 79 77 76 74 72 fermata )
( 64 69 67 65 64 62 62 64 fermata 71 72 72 71 69 71 69 69 69 fermata 64 69 67 65 64 62 62 64 fermata 71 72 72 71 69 71 69 69 69 fermata 72 71 69 67 69 71 72 72 72 fermata 67 69 67 65 65 64 64 64 fermata 72 71 72 74 72 71 69 69 71 fermata 64 65 64 62 67 65 64 64 64 fermata )
( 67 65 67 69 69 65 67 64 64 65 65 62 64 72 71 72 64 62 67 65 67 65 64 62 60 60 60 60 60 60 55 55 55 55 55 55 52 72 71 72 64 62 64 65 64 62 60 62 60 62 65 65 64 64 67 65 67 69 69 65 67 64 64 65 65 62 64 72 71 72 64 62 67 65 67 65 64 62 60 60 60 60 60 60 55 55 55 55 55 55 52 72 71 72 64 62 64 65 64 62 60 62 60 62 65 65 64 64 64 62 64 67 67 66 66 62 60 62 62 62 55 55 55 55 55 55 55 55 55 55 55 55 52 52 52 52 52 48 48 48 48 48 48 67 65 67 69 69 65 67 64 64 65 65 62 64 72 71 72 64 62 67 65 67 65 64 62 60 fermata )
( 76 76 71 72 74 72 71 71 69 fermata 72 72 71 69 68 69 71 71 fermata 76 76 71 72 74 72 71 71 69 fermata 72 72 71 69 68 69 71 71 fermata 71 72 74 72 71 72 71 69 69 67 fermata 72 74 76 74 72 77 76 74 72 fermata 71 72 74 76 74 72 71 71 fermata 69 71 72 74 72 71 71 69 69 fermata )
( 69 69 69 76 74 76 72 71 fermata 69 71 72 71 72 74 76 74 72 71 fermata 72 71 69 69 74 72 71 72 69 69 67 fermata 67 72 71 72 74 76 74 72 71 fermata 69 71 72 71 72 74 76 74 72 71 fermata 76 76 76 74 72 71 72 71 68 69 71 71 71 69 69 69 fermata )
( 76 75 76 78 79 81 79 78 76 fermata 76 74 72 74 76 74 72 71 69 71 69 fermata 76 75 76 78 79 81 79 78 76 fermata 76 74 72 74 76 74 72 71 69 71 69 fermata 69 71 72 74 69 71 72 74 76 fermata 76 81 79 81 83 81 79 78 76 fermata 78 79 77 76 77 79 74 72 71 69 69 fermata 76 74 72 71 69 69 69 fermata )
