( 72 72 72 79 76 74 72 72 74 76 74 74 )
( 72 72 72 72 74 70 69 67 )
( 71 72 71 69 76 76 74 72 71 )
( 67 67 67 67 70 69 67 65 )
( 79 81 79 77 76 77 79 77 76 77 76 )
( 60 64 62 64 65 67 67 64 )
( 72 72 72 71 69 69 67 72 74 74 76 76 )
( 76 76 74 72 71 69 69 69 )
( 72 72 74 76 78 79 79 78 79 )
( 71 71 64 71 72 71 69 67 69 71 71 )
( 79 81 79 77 79 67 67 72 72 76 76 79 81 79 77 79 79 81 79 77 79 67 67 72 72 76 76 79 81 79 77 79 )
( 69 69 69 69 71 71 71 72 71 69 67 67 67 )
( 72 67 69 71 72 74 76 74 72 72 71 72 72 72 )
( 64 63 64 66 67 69 67 66 64 )
( 71 72 71 69 71 72 74 76 74 72 71 71 )
( 72 72 74 76 77 79 81 79 79 )
( 65 65 65 64 68 67 65 64 )
( 79 79 79 74 76 78 79 78 76 74 )
( 64 69 67 65 64 62 62 64 )
( 69 69 71 72 74 71 71 72 74 )
( 60 67 67 69 71 72 72 72 )
( 60 62 64 65 67 67 69 71 72 )
( 72 72 71 69 67 72 74 76 72 )
( 69 69 67 72 71 69 71 69 69 )
( 72 74 76 74 72 71 69 67 )
( 69 76 76 74 76 69 71 72 72 72 71 69 69 )
( 72 72 69 71 72 74 76 74 76 77 74 72 )
( 79 79 79 81 81 79 79 )
( 69 64 66 68 69 71 72 74 72 71 71 69 )
( 64 67 67 69 71 72 71 69 )
( 72 74 76 77 79 72 71 69 67 )
( 72 74 74 72 69 67 69 71 72 74 72 72 72 )
( 76 76 71 72 74 72 71 71 69 )
( 69 69 72 72 74 74 76 76 )
( 77 76 74 72 )
( 69 72 74 72 77 77 76 77 )
( 76 72 74 76 79 77 77 76 )
( 60 62 64 65 67 67 65 64 62 )
( 69 69 69 76 74 76 74 72 71 )
( 64 64 60 62 64 60 59 57 )
( 69 71 72 72 )
( 62 69 69 67 74 72 71 69 )
( 64 60 62 64 65 67 65 65 64 )
( 72 72 72 74 72 77 79 77 77 )
( 72 67 69 71 72 74 76 74 72 )
( 69 69 69 76 74 72 76 74 72 71 71 71 )
( 72 79 79 79 79 81 79 77 76 )
( 69 71 72 71 69 )
( 62 64 65 65 67 69 69 62 67 65 64 64 64 )
( 76 72 71 72 71 )
( 72 71 69 67 65 64 69 69 67 )
( 69 69 69 68 )
( 69 70 72 74 72 70 69 69 69 )
( 64 62 60 62 64 65 67 67 )
( 64 69 71 72 71 69 71 69 68 64 )
( 76 72 74 76 77 79 77 77 76 )
( 67 72 74 76 81 79 77 76 )
( 57 59 60 62 64 62 67 66 64 64 )
( 72 74 76 74 72 71 69 67 )
( 60 60 62 64 62 64 65 64 62 62 60 60 )
( 79 81 79 77 76 77 79 74 74 )
( 67 67 67 69 69 67 67 )
( 69 71 72 71 69 68 69 71 72 71 69 )
( 69 69 68 69 71 72 71 69 )
( 64 69 67 65 64 62 62 64 )
( 60 60 59 60 60 64 67 65 64 62 62 62 )
( 72 74 76 74 72 71 69 69 67 67 )
( 72 72 79 79 77 76 74 76 77 76 74 72 72 )
( 69 69 69 68 66 64 69 71 72 72 74 72 71 )
( 72 72 74 76 76 74 72 72 71 72 72 72 )
( 64 69 67 65 64 62 62 64 )
( 76 76 76 76 74 72 71 71 )
( 76 74 72 74 76 77 79 79 )
( 72 74 74 72 71 69 67 69 71 72 74 72 72 72 )
( 67 64 62 60 67 67 69 69 )
( 60 67 64 62 60 67 69 71 72 69 67 )
( 69 69 64 69 69 67 67 66 66 66 64 64 )
( 69 69 71 72 74 71 71 72 74 )
( 72 72 79 76 74 72 71 72 71 69 67 72 74 76 77 74 74 72 )
( 69 69 69 68 69 71 72 71 69 )
( 69 69 68 69 71 72 71 69 )
( 72 72 72 71 69 71 72 74 74 74 72 72 )
( 69 69 71 72 71 76 76 74 72 71 )
( 76 77 79 79 77 76 74 74 )
( 64 64 62 60 59 59 57 57 )
( 72 74 74 72 71 69 67 69 71 72 72 72 )
( 69 69 71 72 74 71 72 74 )
( 69 69 69 67 69 65 64 62 )
( 72 72 74 76 74 72 71 71 69 )
( 72 72 74 76 77 79 79 79 78 79 79 )
( 76 72 74 76 77 79 77 77 76 )
( 64 69 71 72 71 69 71 68 68 64 )
( 69 69 69 68 64 69 71 72 72 74 72 71 )
( 76 74 72 74 76 78 79 79 )
( 72 71 69 67 65 64 69 69 67 )
( 60 67 67 69 71 72 72 72 )
( 69 69 71 72 71 71 69 68 69 69 68 69 71 71 71 )
( 64 64 60 62 64 62 60 59 57 )
( 69 69 69 68 64 69 71 72 72 74 72 71 72 71 )
( 64 69 71 72 71 69 71 68 68 64 64 )
( 76 76 76 76 74 72 71 71 )
( 69 69 71 72 74 71 69 67 )
( 69 70 72 74 72 77 77 76 77 )
( 79 72 77 76 74 77 76 76 )
( 76 72 74 76 77 79 77 77 76 )
( 72 72 79 79 77 76 74 76 77 76 74 72 )
( 69 71 72 74 76 74 79 78 76 76 )
( 69 70 72 74 72 77 77 76 77 )
( 76 77 79 79 77 76 74 74 )
( 64 69 68 69 71 72 67 65 64 )
( 69 69 71 72 74 71 72 72 71 72 74 )
( 76 76 76 76 )
( 72 74 76 77 79 77 76 74 76 )
( 69 69 69 67 69 65 64 62 )
( 69 69 69 69 69 69 71 73 74 )
( 72 72 79 79 77 79 76 72 )
( 76 76 76 76 81 79 77 76 )
( 76 76 79 79 76 76 76 76 77 77 76 76 74 74 74 74 72 72 72 72 )
( 76 74 72 74 79 76 72 74 74 )
( 72 72 74 74 76 76 )
( 57 57 64 62 64 59 60 60 59 59 )
( 69 64 69 69 71 67 66 66 64 64 )
( 67 67 69 71 72 72 71 )
( 72 76 79 76 74 76 78 79 )
( 72 72 74 76 76 )
( 76 76 74 72 71 71 69 69 )
( 72 72 74 72 74 76 77 77 76 77 77 )
( 72 77 77 79 79 81 81 79 )
( 69 64 69 71 72 69 71 71 )
( 60 60 60 60 64 64 65 67 67 69 67 67 67 )
( 72 71 72 74 74 72 74 76 76 )
( 69 69 71 72 71 76 74 72 71 )
( 64 69 71 72 71 69 71 68 66 64 )
( 60 67 67 69 71 72 72 )
( 76 76 77 79 76 72 74 76 77 76 74 72 72 74 76 76 74 72 74 72 72 72 )
( 72 71 69 76 74 72 71 72 74 68 68 )
( 76 76 76 79 77 77 76 76 )
( 67 67 69 69 71 71 72 72 )
( 67 72 67 69 67 65 64 64 )
( 64 62 57 60 62 64 64 62 )
( 69 69 69 76 76 76 74 74 72 71 71 71 )
( 72 72 72 69 71 72 74 72 71 69 )
( 60 67 67 65 64 62 64 66 67 )
( 72 72 72 74 76 77 76 74 72 72 )
( 67 72 74 76 74 72 72 )
( 72 72 72 74 72 77 79 77 77 )
( 57 57 59 60 60 62 64 64 69 68 68 68 )
( 69 69 67 65 64 69 67 64 65 )
( 76 76 76 76 74 72 72 71 )
( 72 72 72 71 69 69 67 72 74 74 76 76 )
( 60 60 60 67 67 69 69 67 )
( 69 72 69 68 69 71 71 72 )
( 72 72 72 72 74 76 76 )
( 64 67 69 71 )
( 76 72 74 74 76 78 79 79 )
( 69 71 72 69 )
( 69 71 72 72 74 72 71 71 )
( 67 64 69 67 67 )
( 62 60 60 62 64 62 60 59 57 57 )
( 67 64 69 71 72 72 71 71 )
( 60 60 62 64 65 67 67 62 64 64 66 67 67 )
( 76 76 77 79 76 72 74 76 77 )
( 69 69 69 76 74 72 76 74 72 71 71 71 )
( 60 60 64 64 67 67 67 67 67 67 67 67 69 69 69 69 67 67 67 67 )
( 64 67 64 65 64 62 62 60 )
( 76 76 76 77 79 77 76 74 76 74 72 )
( 72 72 67 72 77 76 74 72 )
( 76 75 76 78 79 81 79 78 76 )
( 62 62 60 65 67 69 68 69 )
( 57 60 60 62 62 64 64 65 64 62 62 60 )
( 67 69 67 65 67 72 74 72 )
( 60 60 60 65 65 62 64 64 66 67 67 67 )
( 72 72 72 69 74 72 72 71 )
( 64 64 66 68 69 69 68 68 )
( 76 72 76 77 77 76 74 74 72 74 74 74 )
( 76 72 71 69 )
( 72 72 72 72 72 72 71 71 71 69 67 67 )
( 60 67 64 62 60 67 69 71 72 69 67 )
( 64 64 64 67 64 67 68 69 )
( 64 62 64 66 67 69 64 64 )
( 76 76 76 76 74 72 71 71 )
( 62 64 64 62 60 60 57 60 60 60 62 62 )
( 74 69 71 73 74 74 )
( 60 60 62 64 62 60 64 66 67 )
( 67 67 67 67 69 69 67 67 )
( 69 69 69 69 69 65 64 64 64 71 71 )
( 64 69 71 72 71 69 71 68 68 64 )
( 64 67 69 72 69 69 69 )
( 72 76 74 72 )
( 57 57 57 64 64 64 65 65 65 64 64 64 )
( 69 69 69 76 76 76 74 76 72 74 76 74 74 76 76 )
( 67 72 76 74 76 72 81 77 77 79 72 77 74 74 72 )
( 77 76 74 74 74 76 77 76 74 72 72 )
( 60 60 67 67 69 71 72 72 )
( 64 69 67 65 64 65 64 62 64 65 62 62 60 60 )
( 67 67 69 71 72 72 71 71 69 69 )
( 72 72 74 76 78 78 )
( 72 72 72 69 71 72 74 72 71 69 69 69 )
( 69 69 68 69 71 72 71 71 69 69 )
( 69 64 67 69 71 72 71 69 67 65 65 64 64 )
( 57 59 60 62 64 64 69 69 71 68 69 69 69 )
( 69 72 71 69 69 67 65 64 )
( 72 72 74 76 72 72 )
( 67 64 66 67 67 64 62 60 )
( 60 64 67 67 64 60 62 64 )
( 76 69 71 72 74 72 71 71 69 )
( 69 69 71 72 71 69 67 72 71 72 )
( 69 64 69 69 69 71 71 )
( 69 72 71 72 74 76 76 74 72 71 71 71 )
( 69 69 69 67 65 64 67 69 71 69 69 68 69 )
( 69 69 72 71 69 72 74 76 )
( 67 69 71 72 72 71 71 )
( 57 60 62 64 )
( 76 77 79 79 77 76 74 74 )
( 60 64 66 67 67 67 )
( 67 64 62 62 60 60 )
( 76 74 72 71 72 71 69 68 64 )
( 69 69 76 76 77 79 76 72 74 76 77 77 76 76 )
( 67 67 69 71 72 72 72 72 )
( 76 69 71 72 72 74 74 76 )
( 64 57 59 60 62 64 66 67 66 64 64 63 64 )
( 76 76 74 72 72 71 )
( 69 69 71 72 74 76 74 74 72 71 71 69 )
( 64 69 68 69 71 72 71 71 71 )
( 72 72 72 67 72 74 76 76 )
( 72 72 74 76 74 76 77 76 74 72 )
( 72 74 76 77 79 77 76 74 76 )
( 79 79 79 74 76 78 79 78 76 74 )
( 62 64 64 65 67 65 62 69 69 67 65 64 62 61 )
( 76 76 72 74 76 77 76 74 74 )
( 71 72 71 69 76 76 74 72 71 71 )
( 72 74 76 74 72 71 69 67 )
( 67 64 60 67 67 69 69 69 )
( 72 74 76 74 72 71 69 67 )
( 72 72 72 71 69 71 72 74 74 74 72 72 )
( 72 72 67 72 74 76 76 )
( 69 69 69 68 69 71 72 71 69 )
( 72 72 74 76 74 72 74 74 76 )
( 76 75 76 78 79 81 79 78 76 )
( 71 72 71 69 76 76 74 72 71 )
( 76 76 74 72 71 71 69 69 )
( 76 76 77 79 77 76 74 74 74 74 )
( 69 72 74 72 77 77 76 77 )
( 69 69 68 69 71 72 71 69 )
( 64 64 60 62 64 60 59 57 )
( 72 72 71 69 67 72 74 76 )
( 76 76 71 72 74 72 71 71 71 69 69 )
( 76 72 74 76 77 76 74 72 71 72 74 72 71 69 69 )
( 72 72 72 72 74 70 69 67 )
( 79 79 79 74 76 78 79 78 76 74 )
( 60 62 64 65 67 67 69 71 72 72 )
( 76 72 74 76 77 79 77 77 76 )
( 72 79 79 79 79 81 79 77 76 )
( 72 71 69 67 65 64 69 69 67 )
( 60 67 64 60 67 69 69 67 )
( 72 71 69 67 )
( 67 65 64 69 69 71 71 72 72 )
( 69 69 71 72 74 76 76 76 )
( 72 74 76 74 72 71 69 67 )
( 76 76 74 72 71 71 69 69 )
( 72 72 72 71 67 69 71 72 )
( 72 72 71 69 71 72 74 76 74 74 72 )
( 64 69 67 65 64 62 62 64 )
( 69 64 69 71 72 74 71 71 69 69 )
( 72 72 72 74 72 77 79 77 77 )
( 76 72 74 76 77 79 77 77 76 )
( 67 67 67 67 69 70 69 67 65 )
( 67 64 62 60 67 67 69 69 69 )
( 64 64 60 62 64 60 59 57 )
( 67 72 74 76 77 79 77 76 )
( 69 69 68 69 71 72 71 69 )
( 74 74 72 74 70 69 70 72 69 67 )
( 72 72 72 71 69 69 67 72 74 74 76 76 )
( 76 76 71 72 74 72 71 71 69 )
( 79 79 79 79 79 79 78 78 79 79 79 )
( 67 67 69 69 71 71 72 74 72 72 )
( 69 69 71 72 71 76 74 72 71 )
( 72 72 69 71 72 74 76 74 74 72 )
( 62 64 64 62 60 60 57 60 60 60 62 62 )
( 60 60 62 64 62 60 59 59 57 )
( 69 69 71 72 74 76 76 76 )
( 60 67 64 62 60 67 69 71 72 69 67 )
( 60 60 62 64 62 60 64 66 67 )
( 76 76 76 76 74 72 71 71 )
( 67 69 71 72 74 74 72 71 69 )
( 67 64 67 69 67 65 65 64 )
( 72 69 65 72 72 74 74 )
( 72 74 76 77 79 77 76 74 76 )
( 69 69 67 65 64 69 67 65 64 65 )
( 76 76 81 79 77 76 77 76 76 76 )
( 72 76 76 74 76 76 77 79 79 79 76 76 )
( 72 71 72 74 74 72 74 76 )
( 72 71 72 74 74 72 74 76 76 )
( 67 64 62 62 60 60 )
( 76 76 79 79 76 76 76 76 77 77 76 76 74 74 74 74 72 72 72 72 )
( 69 71 72 71 69 )
( 72 67 69 71 72 74 76 72 )
( 72 74 76 76 74 72 70 69 71 72 74 76 )
( 76 76 74 72 71 71 69 69 )
( 62 69 69 67 74 72 71 69 )
( 72 74 76 77 79 77 76 74 76 )
( 79 79 79 79 81 82 81 79 77 )
( 79 79 79 81 81 79 79 79 )
( 81 79 77 74 71 76 69 76 81 80 81 76 76 76 )
( 64 69 71 72 74 71 69 67 )
( 67 72 74 76 77 79 77 76 )
( 72 72 72 71 69 69 67 72 74 74 76 76 )
( 67 67 67 67 69 70 69 67 65 )
( 72 72 69 71 72 74 76 74 74 72 )
( 67 65 64 69 71 72 72 71 71 )
( 64 69 71 72 71 69 71 68 66 64 )
( 57 59 60 59 60 62 64 64 64 )
( 72 72 72 72 74 70 69 67 )
( 72 79 79 79 79 81 79 77 76 )
( 60 60 62 64 66 67 67 67 66 67 67 )
( 64 69 67 65 64 62 62 64 )
( 76 76 77 76 76 74 76 76 )
( 67 72 74 76 77 79 81 79 77 76 76 )
( 79 79 79 77 76 74 76 77 79 76 76 )
( 69 70 72 74 72 77 77 76 77 )
( 76 77 79 79 77 76 74 74 )
( 72 67 69 71 72 74 76 72 )
( 71 72 71 69 71 72 74 76 74 72 71 71 )
( 72 74 76 77 79 77 76 74 76 )
( 76 72 74 76 77 79 77 77 76 )
( 64 64 62 60 59 59 57 57 )
( 72 72 74 72 74 76 77 77 76 77 77 )
( 76 76 79 79 76 76 76 76 77 77 76 76 74 74 74 74 72 72 72 72 )
( 72 67 69 71 72 74 76 74 72 72 71 72 72 )
( 69 71 72 71 69 )
( 72 72 74 76 78 79 79 78 79 )
( 72 72 74 76 74 72 74 74 76 )
( 76 72 74 76 77 79 77 77 76 )
( 64 69 71 72 74 71 69 67 )
( 76 77 79 79 77 76 74 74 )
( 76 74 72 74 76 77 79 77 77 76 )
( 64 69 67 65 64 62 62 64 )
( 76 76 71 72 74 72 71 71 69 )
( 69 69 69 76 74 76 72 71 )
( 76 75 76 78 79 81 79 78 76 )
