( 76 79 79 77 76 74 74 72 72 ) 
( 77 76 74 79 77 76 74 72 74 76 74 72 72 72 ) 
( 69 76 72 74 76 74 72 71 ) 
( 64 62 65 64 62 57 59 60 ) 
( 72 74 76 77 79 77 76 74 76 77 74 74 72 ) 
( 64 65 64 62 62 60 60 60 ) 
( 76 77 77 76 74 72 71 72 74 76 74 74 72 72 ) 
( 72 72 77 77 74 74 79 79 76 76 81 81 80 80 81 81 ) 
( 79 81 79 77 76 77 74 74 72 ) 
( 67 67 72 71 69 64 67 65 64 64 64 64 ) 
( 79 81 79 77 79 67 67 72 72 76 76 79 81 79 77 79 79 81 79 77 79 67 67 72 72 76 76 79 81 79 77 79 79 81 79 77 79 67 67 72 72 76 76 79 81 79 77 79 ) 
( 69 67 67 69 71 71 71 72 72 71 69 69 68 69 69 69 ) 
( 67 69 71 72 74 76 74 72 71 71 69 ) 
( 64 62 60 59 57 57 57 57 ) 
( 72 71 69 67 65 64 65 67 65 64 64 64 64 64 ) 
( 72 74 76 77 76 74 72 72 ) 
( 64 64 64 65 62 64 64 65 ) 
( 79 78 76 74 76 74 72 71 69 69 67 ) 
( 64 65 64 62 67 64 64 64 ) 
( 76 72 71 69 71 71 69 69 69 ) 
( 67 65 64 62 62 60 60 60 ) 
( 67 69 71 72 64 62 62 60 ) 
( 74 76 77 79 77 76 74 72 74 72 ) 
( 69 69 67 72 71 69 71 69 69 ) 
( 76 77 79 77 76 74 76 74 74 72 72 ) 
( 79 81 79 77 76 74 72 74 76 74 72 71 69 69 69 69 ) 
( 72 71 69 71 72 74 72 71 71 69 ) 
( 76 74 76 77 74 74 72 72 72 72 ) 
( 74 74 76 69 74 72 71 71 71 69 69 69 ) 
( 60 67 67 69 71 72 67 69 67 65 65 64 ) 
( 69 71 72 74 76 77 74 72 71 72 ) 
( 69 71 72 74 72 ) 
( 69 71 72 71 74 72 71 69 69 69 ) 
( 74 74 76 72 71 71 69 69 ) 
( 72 74 76 77 79 81 82 79 79 77 ) 
( 77 76 74 79 77 76 77 76 76 74 ) 
( 71 72 74 76 74 76 77 76 74 74 72 72 72 )
( 67 65 64 62 64 65 64 62 60 ) 
( 76 76 76 74 74 72 71 72 74 71 71 69 ) 
( 64 65 64 62 60 62 60 59 57 ) 
( 72 74 76 74 72 71 71 69 69 ) 
( 67 65 64 62 60 65 64 62 61 62 62 62 62 ) 
( 55 60 62 64 62 64 65 64 62 60 ) 
( 76 77 79 77 79 81 79 77 79 81 83 81 83 84 ) 
( 67 72 74 76 74 76 77 76 74 74 72 72 72 ) 
( 79 81 79 76 74 72 71 69 68 69 69 69 ) 
( 79 77 76 74 76 74 72 72 72 ) 
( 71 72 72 74 74 76 76 74 72 71 71 69 ) 
( 62 64 65 65 67 69 70 72 72 69 67 65 64 65 67 65 64 64 64 64 64 64 64 64 64 64 64 64 64 64 ) 
( 69 71 72 74 72 71 71 69 ) 
( 72 72 72 74 72 72 71 72 ) 
( 76 74 72 71 71 71 69 69 69 ) 
( 72 74 76 77 77 76 77 77 77 ) 
( 64 65 67 65 64 62 62 62 60 60 ) 
( 76 74 72 71 69 71 72 71 69 ) 
( 67 72 74 76 77 79 77 76 74 72 ) 
( 79 77 76 74 76 77 74 74 72 ) 
( 69 69 69 71 69 67 66 64 ) 
( 76 77 79 77 76 74 76 74 74 72 72 ) 
( 64 65 64 62 60 64 62 60 ) 
( 74 76 77 76 76 74 74 72 ) 
( 67 67 67 69 67 66 67 69 67 67 67 ) 
( 76 72 74 72 71 69 68 69 69 ) 
( 71 72 74 76 74 72 74 72 71 71 69 69 69 ) 
( 64 65 64 62 67 64 64 64 ) 
( 60 59 57 57 56 57 57 57 ) 
( 76 77 79 77 76 74 76 77 74 74 72 72 ) 
( 76 74 72 79 77 76 77 76 74 74 72 72 72 ) 
( 76 74 72 71 71 69 69 69 ) 
( 71 72 72 74 76 76 76 76 75 75 76 76 76 ) 
( 64 65 64 62 67 64 64 64 ) 
( 65 67 69 69 67 65 64 64 64 64 64 64 ) 
( 76 76 77 79 77 76 74 74 74 72 72 ) 
( 69 71 72 72 72 71 72 ) 
( 67 67 65 64 62 62 60 60 60 ) 
( 72 71 69 67 65 64 62 62 60 ) 
( 69 72 71 69 69 68 69 69 ) 
( 76 72 71 69 71 71 69 69 69 ) 
( 67 69 71 72 74 76 77 74 74 72 ) 
( 67 69 71 72 71 69 69 69 68 69 69 69 ) 
( 71 72 74 76 74 72 74 72 71 71 69 69 69 ) 
( 76 77 77 76 74 76 74 72 72 74 74 72 72 72 ) 
( 76 74 72 71 69 71 72 71 69 ) 
( 76 77 79 77 76 74 72 72 72 ) 
( 64 69 62 60 59 59 59 57 57 57 57 ) 
( 69 71 72 72 74 74 72 72 72 ) 
( 76 74 72 71 69 71 71 69 69 69 ) 
( 74 76 74 69 71 72 71 69 71 71 69 69 69 ) 
( 76 77 74 76 74 72 72 72 ) 
( 79 81 79 77 76 74 74 72 72 72 ) 
( 67 72 74 76 77 76 74 72 ) 
( 76 74 72 71 69 71 72 74 71 69 ) 
( 76 74 72 71 71 69 69 69 ) 
( 76 79 77 76 74 74 74 72 72 ) 
( 72 72 72 74 72 72 72 72 71 72 72 72 ) 
( 67 65 64 62 62 60 60 60 ) 
( 71 72 72 71 72 74 74 76 72 71 71 69 69 69 ) 
( 64 65 64 62 60 62 60 59 57 ) 
( 76 74 72 71 71 71 69 69 69 ) 
( 76 74 72 71 69 71 72 71 69 ) 
( 65 67 69 69 67 65 64 64 64 64 64 64 ) 
( 65 64 69 71 72 71 69 69 69 ) 
( 77 76 74 79 77 76 76 76 74 ) 
( 79 72 81 79 77 79 76 76 ) 
( 67 72 74 76 77 76 74 72 ) 
( 76 74 72 79 77 76 77 76 74 74 72 ) 
( 81 81 81 83 81 79 78 76 ) 
( 77 76 74 79 77 76 76 76 74 ) 
( 76 77 79 72 74 76 74 72 72 72 ) 
( 72 72 71 69 68 76 69 66 68 69 69 ) 
( 76 74 72 71 69 72 71 69 69 69 69 ) 
( 71 72 72 74 74 76 77 79 77 76 74 74 72 ) 
( 72 74 76 77 76 74 72 69 71 72 ) 
( 74 76 74 69 71 72 71 69 71 71 69 69 69 ) 
( 71 69 69 69 69 ) 
( 72 74 76 77 79 77 76 74 72 72 72 ) 
( 76 74 72 71 71 69 69 69 69 ) 
( 76 76 79 79 74 74 74 74 74 74 74 74 69 69 72 72 71 71 69 69 69 69 ) 
( 72 72 72 72 74 76 74 74 72 72 72 72 ) 
( 72 70 72 74 72 72 70 69 69 69 69 ) 
( 59 59 60 62 60 62 57 56 57 57 57 57 ) 
( 69 71 72 71 69 69 68 69 69 ) 
( 67 67 67 64 65 64 62 60 60 ) 
( 76 77 76 74 72 72 71 72 ) 
( 74 76 74 72 72 71 71 72 72 ) 
( 76 76 74 72 71 71 69 69 69 69 ) 
( 79 79 77 76 74 74 74 72 72 ) 
( 72 77 79 81 79 77 77 77 ) 
( 64 66 68 69 69 68 69 69 ) 
( 64 64 64 62 62 62 60 60 60 60 60 60 ) 
( 79 76 76 74 72 71 72 74 74 72 72 ) 
( 76 74 72 71 69 71 72 71 69 ) 
( 76 74 72 71 69 71 72 71 71 69 ) 
( 72 71 69 67 69 67 65 64 65 67 65 64 62 62 60 60 60 ) 
( 76 74 76 72 69 71 72 74 76 72 72 72 74 76 76 74 72 74 72 72 72 ) 
( 71 72 74 68 76 72 71 69 69 69 ) 
( 81 79 77 76 74 74 72 72 ) 
( 67 67 65 64 62 62 60 60 ) 
( 69 67 65 64 62 60 60 60 ) 
( 60 62 57 60 62 64 64 62 ) 
( 74 74 76 72 72 74 71 71 71 69 69 69 ) 
( 72 74 76 74 72 72 71 72 ) 
( 72 71 69 67 69 65 64 62 60 ) 
( 70 69 65 69 71 72 74 72 ) 
( 74 76 77 76 74 72 72 72 ) 
( 67 74 74 74 76 77 74 72 74 76 74 74 72 72 72 72 72 72 ) 
( 67 67 67 69 69 72 71 69 68 69 69 69 ) 
( 71 72 71 69 64 69 69 68 ) 
( 76 72 72 74 76 77 76 74 74 76 74 73 ) 
( 79 76 76 72 74 74 77 76 74 74 72 72 ) 
( 69 67 65 64 62 64 67 64 62 62 60 60 60 ) 
( 71 72 71 69 68 69 ) 
( 74 76 74 72 71 69 69 69 ) 
( 76 74 69 71 72 71 69 69 69 ) 
( 74 72 77 76 74 74 72 72 ) 
( 76 74 69 71 72 71 69 69 ) 
( 76 76 77 76 74 72 71 71 71 69 69 69 69 ) 
( 67 69 71 72 72 72 71 72 72 72 ) 
( 60 62 64 62 61 62 62 62 62 ) 
( 71 72 74 76 74 72 72 72 ) 
( 60 62 60 62 64 65 64 64 62 60 60 59 60 60 ) 
( 76 72 72 72 74 76 76 74 72 74 72 72 72 ) 
( 79 81 79 76 74 72 71 69 68 69 69 69 ) 
( 67 67 72 72 67 67 69 69 64 64 65 64 62 62 60 60 60 60 ) 
( 57 59 60 62 60 59 59 57 ) 
( 76 76 74 72 71 69 71 72 72 74 74 76 76 76 ) 
( 76 74 67 72 77 76 74 72 ) 
( 76 74 72 72 71 71 69 69 ) 
( 64 67 65 64 65 62 64 64 62 ) 
( 59 60 60 62 62 64 64 62 60 59 59 57 ) 
( 67 72 69 65 69 67 67 67 ) 
( 67 67 67 65 65 64 64 62 62 60 60 60 ) 
( 76 76 76 74 72 72 71 72 ) 
( 69 69 67 67 65 65 64 64 ) 
( 79 79 79 77 77 77 76 76 74 72 72 72 ) 
( 76 77 76 74 72 71 69 68 76 74 72 71 71 69 69 ) 
( 72 72 71 71 69 69 68 68 68 64 69 69 71 72 68 68 68 69 69 69 69 69 69 69 ) 
( 72 71 69 67 65 64 62 62 60 ) 
( 72 74 72 71 69 69 68 69 ) 
( 57 57 57 57 57 57 57 57 ) 
( 62 61 62 64 65 67 69 67 65 64 64 ) 
( 64 65 65 69 67 67 65 64 64 64 62 62 ) 
( 76 74 76 74 72 69 71 73 74 74 ) 
( 60 62 64 65 64 62 62 60 ) 
( 72 72 72 74 67 67 69 69 71 71 71 71 67 67 67 66 67 67 67 67 67 65 64 65 62 62 60 60 ) 
( 71 72 72 71 69 69 68 69 69 69 ) 
( 76 74 72 71 69 71 72 71 69 ) 
( 67 64 60 62 62 64 64 64 64 64 64 64 64 ) 
( 69 71 72 71 69 68 69 69 68 69 ) 
( 57 59 60 62 62 62 60 59 57 57 57 57 ) 
( 69 71 72 74 76 76 76 74 76 76 76 ) 
( 74 71 72 71 69 67 79 72 81 81 79 77 76 74 72 72 72 ) 
( 76 72 74 76 77 79 77 76 74 76 77 77 ) 
( 67 67 65 64 62 62 60 60 60 60 ) 
( 57 59 60 62 64 66 68 69 69 68 69 69 ) 
( 62 69 69 67 65 64 64 64 64 ) 
( 79 76 74 72 72 ) 
( 72 74 76 74 74 72 72 71 71 72 72 72 ) 
( 67 65 64 69 69 68 69 69 ) 
( 64 67 69 64 67 64 62 60 59 59 57 57 57 57 ) 
( 69 69 71 72 71 69 69 71 68 69 69 69 ) 
( 68 69 71 72 74 71 71 69 ) 
( 81 79 77 79 77 76 77 77 76 74 74 72 ) 
( 67 64 65 67 69 67 65 64 62 62 60 60 60 60 ) 
( 67 64 65 67 65 64 62 60 62 60 ) 
( 76 79 77 76 69 71 72 71 69 ) 
( 72 71 69 74 72 71 71 69 ) 
( 71 72 74 76 75 75 76 76 76 76 ) 
( 71 76 74 74 72 71 72 74 72 71 71 69 ) 
( 76 74 72 71 68 69 71 72 74 72 71 71 69 ) 
( 67 72 74 76 74 76 72 71 69 ) 
( 74 72 71 69 69 67 67 67 ) 
( 67 64 62 60 59 57 57 57 ) 
( 76 77 79 77 76 74 74 72 72 ) 
( 72 67 64 69 69 67 65 67 64 62 62 62 67 64 60 69 71 72 64 64 62 60 60 60 60 ) 
( 67 69 67 65 65 64 65 64 62 62 60 60 ) 
( 76 76 74 72 71 69 69 69 ) 
( 71 69 71 72 71 69 69 69 69 ) 
( 69 67 65 64 62 62 60 60 ) 
( 76 74 72 71 71 69 69 69 ) 
( 59 60 59 60 62 64 66 67 66 64 69 67 65 64 62 60 59 57 57 57 ) 
( 71 72 74 76 76 74 72 71 71 71 69 ) 
( 71 71 76 69 71 72 71 71 71 69 69 69 ) 
( 69 64 65 64 62 60 59 60 59 57 57 57 ) 
( 79 77 76 74 72 74 76 74 74 72 72 ) 
( 76 77 76 74 72 74 76 74 72 ) 
( 72 74 76 77 76 74 72 69 71 72 ) 
( 79 78 76 74 76 74 72 71 69 67 ) 
( 64 69 62 67 69 70 69 67 65 64 62 62 ) 
( 73 74 74 74 76 76 76 77 77 77 76 76 76 74 74 72 72 76 74 72 71 72 72 72 ) 
( 69 76 72 74 76 74 72 71 ) 
( 76 79 77 76 74 72 74 74 72 72 ) 
( 67 67 65 64 62 62 60 60 60 ) 
( 76 79 77 76 74 76 74 74 72 72 ) 
( 76 77 77 76 74 76 74 72 72 74 74 72 72 72 ) 
( 72 74 76 77 76 74 74 72 ) 
( 67 69 71 72 71 69 69 69 68 69 69 69 ) 
( 72 74 76 77 79 77 76 74 74 72 ) 
( 76 74 72 71 69 69 69 ) 
( 69 76 72 74 76 74 72 71 71 71 71 71 ) 
( 76 76 74 72 71 71 71 69 69 69 69 ) 
( 77 76 77 79 76 74 76 77 74 72 72 72 72 72 ) 
( 77 76 74 79 77 76 77 76 76 74 74 74 ) 
( 69 71 72 74 76 74 72 74 72 71 71 69 69 69 ) 
( 64 65 64 64 62 60 59 57 ) 
( 76 77 76 74 72 74 76 74 72 72 72 ) 
( 69 71 72 74 72 71 69 69 69 ) 
( 81 77 76 74 76 68 69 74 72 71 69 69 ) 
( 77 76 74 79 72 74 76 74 72 ) 
( 79 78 76 74 76 74 72 71 69 67 ) 
( 67 67 69 71 72 64 62 62 60 60 ) 
( 67 72 74 76 77 76 74 72 ) 
( 79 77 76 74 74 72 72 72 ) 
( 72 72 72 74 72 72 71 72 ) 
( 72 71 69 67 65 64 62 62 60 )
( 67 69 71 72 74 76 74 72 74 74 72 72 72 72 72 72 72 ) 
( 60 62 64 64 64 62 62 62 64 65 65 65 64 64 64 69 67 65 67 65 64 65 64 62 60 60 60 ) 
( 74 76 74 72 74 72 71 71 69 ) 
( 76 79 77 76 74 72 74 74 72 72 ) 
( 76 76 74 72 71 71 69 69 69 69 ) 
( 62 64 66 67 69 67 66 67 ) 
( 72 71 69 71 72 74 72 71 71 69 ) 
( 64 65 64 62 67 64 64 64 ) 
( 74 74 76 69 74 72 71 71 69 69 ) 
( 72 72 72 72 72 ) 
( 67 72 74 76 74 76 77 76 74 72 ) 
( 64 62 64 65 64 62 57 59 60 ) 
( 67 67 65 64 62 64 65 62 60 60 60 ) 
( 64 65 64 62 60 62 60 59 57 ) 
( 79 77 76 74 76 74 74 72 ) 
( 71 72 74 76 74 72 74 71 71 69 69 69 ) 
( 72 74 76 78 79 77 76 77 79 76 74 ) 
( 76 77 76 74 72 74 74 72 72 72 ) 
( 76 76 74 72 71 71 69 69 ) 
( 79 81 79 77 76 77 79 79 81 83 84 84 83 83 84 84 84 ) 
( 67 67 69 70 69 67 65 64 62 64 65 62 60 60 ) 
( 76 74 72 71 69 71 72 71 69 ) 
( 72 71 69 71 72 74 72 71 71 69 ) 
( 64 65 65 69 67 67 65 64 64 64 62 62 ) 
( 64 65 62 64 62 60 60 60 ) 
( 74 76 74 72 74 71 71 69 ) 
( 72 71 69 67 65 64 62 62 60 ) 
( 60 62 64 65 64 62 62 60 ) 
( 62 61 62 64 65 67 69 67 65 64 64 ) 
( 74 72 71 69 71 72 71 69 67 ) 
( 64 62 64 62 62 60 60 60 ) 
( 72 74 72 70 69 67 67 65 65 65 ) 
( 76 76 74 76 77 76 74 72 74 74 72 ) 
( 71 72 71 69 64 69 69 68 ) 
( 79 79 76 77 79 81 81 81 74 76 77 79 77 76 76 74 72 72 72 72 ) 
( 79 81 81 83 84 84 83 81 81 81 79 79 76 74 74 72 72 72 71 72 72 ) 
( 79 76 77 76 74 72 71 72 74 74 72 72 72 ) 
( 79 76 76 74 72 71 72 74 74 72 72 ) 
( 67 69 67 65 65 64 65 64 62 62 60 60 ) 
( 76 76 79 79 74 74 74 74 74 74 69 71 72 72 71 71 69 69 69 69 69 69 69 69 ) 
( 71 72 72 74 74 76 76 74 72 71 71 69 ) 
( 67 72 74 76 74 76 77 76 74 74 72 72 72 ) 
( 67 71 74 74 72 71 72 72 74 72 71 72 69 71 72 74 76 77 79 67 69 71 72 74 74 72 71 72 76 74 72 71 69 67 65 64 62 60 59 57 65 64 62 64 67 69 71 72 64 65 67 69 77 77 76 76 74 74 72 72 74 76 71 72 ) 
( 76 76 74 72 71 71 69 69 69 69 ) 
( 67 65 64 62 61 65 64 65 64 62 ) 
( 72 74 76 77 76 74 72 69 71 72 ) 
( 76 74 76 77 76 74 72 74 74 72 ) 
( 76 74 76 77 74 74 72 72 72 72 ) 
( 81 80 81 83 80 84 76 81 81 84 83 81 80 81 ) 
( 67 65 64 69 69 71 68 69 69 69 ) 
( 79 77 76 74 76 74 74 72 ) 
( 79 76 76 72 74 74 77 76 74 74 72 72 ) 
( 64 62 64 65 64 62 57 59 60 ) 
( 72 71 69 71 72 74 72 71 71 69 ) 
( 71 72 74 76 74 74 72 72 ) 
( 76 74 72 71 69 72 71 69 ) 
( 60 62 60 59 59 57 57 57 ) 
( 77 76 74 79 77 76 74 72 74 76 74 72 72 72 ) 
( 79 77 76 74 74 72 72 72 ) 
( 67 69 67 65 64 62 62 60 60 60 60 ) 
( 64 65 64 62 67 65 64 64 64 ) 
( 76 77 79 76 77 76 74 76 76 74 72 71 71 69 69 ) 
( 79 77 76 74 76 77 74 74 72 ) 
( 76 81 79 81 84 83 84 84 83 84 84 ) 
( 77 76 74 79 77 76 76 76 74 ) 
( 76 77 79 76 74 74 72 72 ) 
( 67 72 74 76 74 76 77 76 74 74 72 72 72 ) 
( 72 71 69 67 65 64 65 67 65 64 64 64 64 64 ) 
( 76 76 74 76 77 76 74 72 74 74 72 ) 
( 67 72 74 76 77 76 74 74 72 ) 
( 64 64 62 60 59 59 57 57 57 57 ) 
( 79 79 77 76 74 74 74 72 72 72 ) 
( 76 76 79 79 74 74 74 74 74 74 69 71 72 72 71 71 69 69 69 69 69 69 69 69 69 69 69 69 69 69 69 69 ) 
( 67 69 71 72 74 76 76 74 74 72 71 71 69 69 ) 
( 71 72 72 74 74 76 76 74 72 71 71 71 69 ) 
( 79 81 79 77 76 77 74 74 72 ) 
( 72 74 76 77 79 77 76 74 72 74 72 ) 
( 67 72 74 76 77 79 77 76 74 72 ) 
( 65 64 69 69 71 68 69 69 69 ) 
( 76 77 79 77 76 74 74 72 72 ) 
( 67 72 74 76 77 79 77 76 74 72 ) 
( 64 65 64 62 67 65 64 64 64 ) 
( 69 71 72 74 72 71 71 69 69 ) 
( 76 76 76 74 72 71 72 71 68 69 71 71 71 69 69 69 ) 
( 76 74 72 71 69 69 69 ) 
