72 72 72 79 76  74 72 72  74 76 74 74 0 76 79 79 77 76 74 74 72 72 0 72 72 72 79 76  74 72 72  74 76 74 74 0 76 79 79 77 76 74 74 72 72 0 76 76 77 79 79  77 76 74 74 0 72 76 76 77 79 79 77 76 76 76 72 72 0 76 79 79 77 76 76 74 72  74 76 74 74 0 76 79 79 77 76 74 74 72 72 0  
72 72 72 72 74 70 69 67 0 74 76 74 72  71  69 71 69 67 0 72 72 72 72 74 70 69 67 0 74 76 74 72  71  69 71 69 67 0 79 77 76 74 72  72  74 76 74 0 76 77 76 74 73 74 74 74 0 67 72 74 76 77 79  77  76 74 0 77 76 74 79  77  76  74  72  74 76 74 72 72 72 0  
67 67 67 67 70 69 67 65 0 67 64  60  62 64 66 67 69 67 0 67 67 67 67 70 69 67 65 0 67 64  60  62 64 66 67 69 67 0 67 72 71 69 71  72  71 69 67 0 67 72 67 69  64  65 67 65 64 0 64 62 65 64 62 57 59 60 0  
79 81  79  77  76  77 79  77  76 77 76 0 74 76 77 79  77  76  74  72 74 72 0 79 81  79  77  76  77 79  77  76 77 76 0 74 76 77 79  77  76  74  72 74 72 0 72 74 76  77  76 74 76 74 72 0  72  74 76 77 79 81 76 78 79 0  76  77 79 81  79  77 76 77 77 76 0 81 81 81 74 79 77 76 74 0 77 76 74 72  74  72 70 69 67 67 0 72 74 76  77 79  77  76 74  76  77 74 74 72 0  
60 64 62 64 65 67 67 64 0 69 67 65 64 62 64 64 0 67 69 71 72 71 69 69 67 0 64 65 64 62 62 60 60 60 0  
72 72 74  76  78 79 79 78 79 0 76 77 76 74 76 74 74 72 0 72 72 74  76  78 79 79 78 79 0 76 77 76 74 76 74 74 72 0 74 74 76 77 77  76  74 76 74 0 76 76 76  77  79 81 81 80 81 0 83 84 76 77 76 74 74 74 0 79 81 79 77  76  77 74 74 72 0  
 79 81  79  77  79  67  67  72  72  76  76  79 81  79  77 79  79 81  79  77  79  67  67  72  72  76  76  79 81  79  77 79 0  79 81  79  77  79  67  67  72  72  76  76  79 81  79  77 79  79 81  79  77  79  67  67  72  72  76  76  79 81  79  77 79  79 81  79  77  79  67  67  72  72  76  76  79 81  79  77 79 0  
72  72  74 76 77 79 81 79 79 0 81 83 84 79 76 78 79 79 0 77 74 76 77 76 74 72 72 0 71 72 74 76 74  74  72 71 69 67 67 67 67 0 72  72  74 76 77 79 81 79 79 0 72 74 76 77 76 74 72 72 0  
65 65 65 64 68 67 65 64 0 64 64 64 65 62 64 64 65 0 67 67 70 67 63 65 67 68 0 68 67 65 64 0 64 64 64 65 62 64 64 65 0  
79 79 79  74  76 78  79  78 76 74 0 79 78 76 74 76  72  71 69 67 0 79 79 79  74  76 78  79  78 76 74 0 79 78 76 74 76  72  71 69 67 0 67 74 76 74 73 74 74 0 67 74 76 78 79 0 78  79  78 76 74 0 76 76 74  76  74 72 71 0 79 78 76 74  76  74 72 71 69 69 67 0  
60 67 67 69 71 72 72 72 0 76 74 72 72 71 72 72 72 0 60 67 67 69 71 72 72 72 0 76 74 72 72 71 72 72 72 0  72  74 76 76 74  74  72  71  69 71 67 0 71 72 71 69 69 67 67 67 0 67  64  65 67 69 67 67  65  64 64 0 67 65 64 62 62 60 60 60 0  
 60  62 64 65 67 67 69 71 72 0  60  62 64 65 67 67 65 64 62 0 64 60 60 65 64 62 62 60 0  60  62 64 65 67 67 69 71 72 0  60  62 64 65 67 67 65 64 62 0 64 60 60 65 64 62 62 60 0 67 62 64 65 65 64 64 62 0 67 69 71 72 64 62 62 60 0  
72 72  71  69 67 72 74 76 72 0 67 72 74 76 77  74  72 74 72 0 72 72  71  69 67 72 74 76 72 0 67 72 74 76 77  74  72 74 72 0 72 69 71  72  71 69 67 66 67 0 67 72 74 76 77 76 74 76 0 74 76 77  79  77 76  74  72 74 72 0  
72 74 76 74 72 71 69 67 0 72 74 76 77 76 74 72 72 0 72 74 76 74 72 71 69 67 0 72 74 76 77 76 74 72 72 0 76 77 79 77 76 74 76 76 0 79 79 81 79 77 76 74 74 0 76 79 77  76  74 72 74 76 76 72 72 0  76  77 79 77 76 74 76 74 74 72 72 0  
79 79 79 81 81 79 79 0 76 77 76 74  76  77 74 74 72 0 79 79 81 81 79 79 0 76 77 76 74  76  77 74 74 72 0 74 74 74 76 76 74 74 0 74  76  78 79 79 78 79 79 0 79 81 79 77 76 77 77 0 76 74  76  77 74  74  72 72 72 72 0  
64 67 67 69 71 72 71 69 0 67 72 71 72 69 67 65 64 0 64 67 67 69 71 72 71 69 0 67 72 71 72 69 67 65 64 0 64 69 69 67 72 71 69 67 0 67 72 67 69 64  69  67 65 64 0 64 69 69  67  65 64 65 62 60 0 60 67 67 69 71 72 67 69 67 65  65 64 0  
77 76 74 72 0 72 74 76 77 0 79 77 76 74  76  77 74 74 72 0 77 76 77 79 0 79 81  79  77 79 0 72 74 76  77  79  81  82 79 79 77 0  
69 72 74 72 77 77 76 77 0 77 76 74 79  77 76 77 76 76 74 74 74 0 69 72 74 72 77 77 76 77 0 77 76 74 79  77 76 77 76 76 74 74 74 0 74 74 74 76  74 76 72 72 71 72 0 72 74 76 77 76 74 74 76 0  69  71 72 74 72 77 77 76 77 0 77 76 74 79  77 76 77 76 76 74 0  
76 72 74 76 79 77 77 76 0 79 77 76 74 74 76 76 76 0 76 72 74 76 79 77 77 76 0 79 77 76 74 74 76 76 76 0 74 74 74 76 74 72 74 71 0 71 72 74 76  74  76 77 76 74 74 72 72 72  0 
 67  67 72 67 69 67 65  65  67  65 64 62  67  65 64  69  67  66  62 67 67 66 67 67  67  67 72 67 69 67 65  65  67  65 64 62  67  65 64  69  67  66  62 67 67 66 67 67  62  64 65 64 69  71 68 68  69  67 66 67 67 66 67  62  62 67  65 64 69 68 69 69 68 69 69  72  67 69  64  65 67  65 64  62  60 59 60 60 59 60 60 0  
 60  62 64 65 67 67 65 64 62 0 67 69 71 72 71 69 69 67 0  60  62 64 65 67 67 65 64 62 0 67 69 71 72 71 69 69 67 0 67 72 71 69 67 65 64 62 0 67 65 64  62  64 65 64 62 60 0  
64 60 62  64  65 67 65 65 64 0  64  65 67 67 62  64  62 60 60 59 0 55 60 62  64  65  67  65  64 62 62 62 0 64 60 62  64  65 67 65 65 64 0  64  65 67 67 62  64  62 60 60 59 0 55 60 62 64  62  64  65 64 62 60 0  
72 72 72 74 72 77 79 77 77 0  76  77 79 81  79  77 76 74 72 0 72 77 76 79 74  76  78  79 78 79 0 79 74 74 74 76  77  76 74  72  74 76 74 74 0  76  77  79  77  79  81  79  77  79  81  83  81  83 84 0  
72 67 69 71 72 74  76  74 72 0  76  77 79  79  77  76  77 79 77 77 76 0 76 77 76 74  72  74 76 76 72 0  76  77 79 79  76  77 79 77 77 76 0 76 77 76 74  72  74 76 76 72 0 74 76 76 69 71  72  71 69 67 0 67 72 74 76  74  76 77 76 74 74 72 72 72 0  
72 79 79 79 79 81  79  77 76 0 74  76  78 79 81 81 79 79 79 0 79 79 79 79  76  77 79  77  76 74 0 79 77 76 74 74  72  74  76  77 79 0 79 77  76  74 76 74 72 72 72 0  
