( 76 79 79 77 76 74 74 72 72 )
( 72 72 72 79 76 74 72 72 74 76 74 74 )
( 76 79 79 77 76 74 74 72 72 )
( 76 76 77 79 79 77 76 74 74 )
( 72 76 76 77 79 79 77 76 76 76 72 72 )
( 76 79 79 77 76 76 74 72 74 76 74 74 )
( 74 76 74 72 71 69 71 69 67 )
( 72 72 72 72 74 70 69 67 )
( 74 76 74 72 71 69 71 69 67 )
( 79 77 76 74 72 72 74 76 74 )
( 76 77 76 74 73 74 74 74 )
( 67 72 74 76 77 79 77 76 74 )
( 74 72 71 69 71 72 74 72 71 69 )
( 71 72 71 69 76 76 74 72 71 )
( 74 72 71 69 71 72 74 72 71 69 )
( 69 71 69 67 66 64 66 67 69 71 )
( 67 69 71 72 71 72 71 69 68 69 )
( 67 64 60 62 64 66 67 69 67 )
( 67 67 67 67 70 69 67 65 )
( 67 64 60 62 64 66 67 69 67 )
( 67 72 71 69 71 72 71 69 67 )
( 67 72 67 69 64 65 67 65 64 )
( 74 76 77 79 77 76 74 72 74 72 )
( 79 81 79 77 76 77 79 77 76 77 76 )
( 74 76 77 79 77 76 74 72 74 72 )
( 72 74 76 77 76 74 76 74 72 )
( 72 74 76 77 79 81 76 78 79 )
( 76 77 79 81 79 77 76 77 77 76 )
( 81 81 81 74 79 77 76 74 )
( 77 76 74 72 74 72 70 69 67 67 )
( 69 67 65 64 62 64 64 )
( 67 69 71 72 71 69 69 67 )
( 76 76 74 76 76 76 74 72 74 74 72 72 )
( 72 72 72 71 69 69 67 72 74 74 76 76 )
( 76 76 74 76 76 76 74 72 74 74 72 72 )
( 72 72 74 76 74 74 76 72 71 71 69 69 )
( 74 74 72 71 72 69 69 67 67 )
( 67 72 72 72 74 74 74 76 74 76 72 72 )
( 72 77 77 77 76 74 76 74 74 )
( 74 76 76 76 77 77 77 79 79 79 72 72 )
( 76 74 72 71 72 69 69 67 67 )
( 67 72 72 71 69 69 67 74 76 76 74 74 )
( 72 74 76 76 74 72 72 72 )
( 72 74 74 72 71 69 69 69 )
( 76 76 77 77 74 74 76 76 )
( 72 72 77 77 76 76 74 74 )
( 71 72 74 72 71 71 69 69 )
( 81 81 79 79 78 78 76 76 )
( 76 76 77 76 74 72 72 72 )
( 76 77 76 74 76 74 74 72 )
( 72 72 74 76 78 79 79 78 79 )
( 76 77 76 74 76 74 74 72 )
( 74 74 76 77 77 76 74 76 74 )
( 76 76 76 77 79 81 81 80 81 )
( 83 84 76 77 76 74 74 74 )
( 71 71 72 74 72 71 69 67 65 64 64 )
( 71 71 64 71 72 71 69 67 69 71 71 )
( 71 71 72 74 72 71 69 67 65 64 64 )
( 69 69 67 72 71 69 74 72 71 69 69 )
( 72 72 71 72 74 67 71 69 67 67 )
( 72 72 74 72 72 71 72 72 )
( 72 72 72 72 71 71 69 69 71 68 69 69 )
( 76 74 72 71 69 67 69 71 72 74 72 71 72 71 69 )
( 72 67 69 71 72 74 76 74 72 72 71 72 72 72 )
( 76 74 72 71 69 67 69 71 72 74 72 71 72 71 69 )
( 76 77 76 74 76 74 72 74 76 69 )
( 76 77 76 74 76 74 72 74 76 69 )
( 72 71 69 67 69 65 64 65 64 )
( 69 67 72 72 71 72 )
( 64 60 62 64 62 60 59 57 59 57 )
( 57 59 60 62 57 59 60 62 64 )
( 64 69 68 69 71 69 67 66 64 )
( 66 67 64 65 67 62 60 59 57 57 )
( 74 72 71 72 69 67 64 65 67 65 64 64 64 )
( 71 72 71 69 71 72 74 76 74 72 71 71 )
( 74 72 71 72 69 67 64 65 67 65 64 64 64 )
( 67 65 64 62 64 60 62 64 )
( 71 72 71 69 71 72 74 72 71 )
( 76 74 72 71 72 74 69 67 65 64 )
( 62 67 69 71 72 74 72 71 69 )
( 81 83 84 79 76 78 79 79 )
( 77 74 76 77 76 74 72 72 )
( 71 72 74 76 74 74 72 71 69 67 67 67 67 )
( 72 72 74 76 77 79 81 79 79 )
( 64 64 64 65 62 64 64 65 )
( 67 67 70 67 63 65 67 68 )
( 68 67 65 64 )
( 79 78 76 74 76 72 71 69 67 )
( 79 79 79 74 76 78 79 78 76 74 )
( 79 78 76 74 76 72 71 69 67 )
( 67 74 76 74 73 74 74 )
( 67 74 76 78 79 )
( 78 79 78 76 74 )
( 76 76 74 76 74 72 71 )
( 71 72 72 71 71 69 69 69 )
( 64 69 67 65 64 62 62 64 )
( 71 72 72 71 71 69 69 69 )
( 72 71 67 69 71 72 72 72 )
( 67 69 67 69 65 64 64 64 )
( 72 71 72 74 72 71 69 69 71 )
( 76 72 69 71 71 69 69 69 )
( 69 69 71 72 74 71 71 72 )
( 74 76 72 69 71 71 69 69 69 )
( 76 74 72 71 69 71 71 71 )
( 71 72 74 76 72 74 74 72 71 )
( 71 72 74 76 72 74 74 72 71 )
( 76 74 72 72 71 72 72 72 )
( 60 67 67 69 71 72 72 72 )
( 76 74 72 72 71 72 72 72 )
( 72 74 76 76 74 74 72 71 69 71 67 )
( 71 72 71 69 69 67 67 67 )
( 67 64 65 67 69 67 67 65 64 64 )
( 60 62 64 65 67 67 65 64 62 )
( 64 60 60 65 64 62 62 60 )
( 60 62 64 65 67 67 69 71 72 )
( 60 62 64 65 67 67 65 64 62 )
( 64 60 60 65 64 62 62 60 )
( 67 62 64 65 65 64 64 62 )
( 67 72 74 76 77 74 72 74 72 )
( 72 72 71 69 67 72 74 76 72 )
( 67 72 74 76 77 74 72 74 72 )
( 72 69 71 72 71 69 67 66 67 )
( 67 72 74 76 77 76 74 76 )
( 69 71 72 74 72 74 76 72 72 )
( 72 74 76 74 72 74 72 71 69 69 )
( 72 74 76 77 76 74 72 72 )
( 72 74 76 74 72 71 69 67 )
( 72 74 76 77 76 74 72 72 )
( 76 77 79 77 76 74 76 76 )
( 79 79 81 79 77 76 74 74 )
( 76 79 77 76 74 72 74 76 76 72 72 )
( 72 72 72 69 72 74 76 74 72 71 69 69 )
( 72 72 72 69 72 74 76 74 72 72 )
( 72 71 69 71 72 74 72 71 71 69 )
( 72 72 69 71 72 74 76 74 76 77 74 72 )
( 72 71 69 71 72 74 72 71 71 69 )
( 74 76 76 71 72 74 72 72 71 )
( 72 74 69 71 72 71 69 71 72 69 67 )
( 76 77 76 74 76 77 74 74 72 )
( 79 79 81 81 79 79 )
( 76 77 76 74 76 77 74 74 72 )
( 74 74 74 76 76 74 74 )
( 74 76 78 79 79 78 79 79 )
( 79 81 79 77 76 77 77 )
( 72 71 69 71 72 74 76 76 )
( 69 64 66 68 69 71 72 74 72 71 71 69 )
( 72 71 69 71 72 74 76 76 )
( 76 77 79 72 77 76 74 72 )
( 67 72 71 72 69 67 65 64 )
( 64 67 67 69 71 72 71 69 )
( 67 72 71 72 69 67 65 64 )
( 64 69 69 67 72 71 69 67 )
( 67 72 67 69 64 69 67 65 64 )
( 64 69 69 67 65 64 65 62 60 )
( 69 71 72 74 76 77 74 72 72 )
( 72 74 76 77 79 72 71 69 67 )
( 69 71 72 74 76 77 74 72 72 )
( 76 76 74 76 77 76 74 74 72 74 )
( 76 77 79 81 79 76 72 69 71 72 74 72 72 )
( 76 76 76 74 76 76 72 72 )
( 72 74 74 76 76 72 72 )
( 74 74 76 74 72 71 69 74 74 72 71 69 69 67 67 )
( 72 72 71 69 68 69 71 71 )
( 76 76 71 72 74 72 71 71 69 72 72 71 69 )
( 68 69 71 71 )
( 71 72 74 72 71 72 71 69 69 67 )
( 72 74 76 74 72 77 76 74 72 )
( 71 72 74 76 74 72 71 71 )
( 76 79 77 76 74 74 72 72 )
( 74 74 76 72 71 71 71 69 69 )
( 81 81 79 79 78 78 76 76 )
( 79 79 77 76 74 74 72 72 )
( 72 74 76 77 )
( 79 77 76 74 76 77 74 74 72 )
( 77 76 77 79 )
( 79 81 79 77 79 )
( 77 76 74 79 77 76 77 76 76 74 74 74 )
( 69 72 74 72 77 77 76 77 )
( 77 76 74 79 77 76 77 76 76 74 74 74 )
( 74 74 74 76 74 76 72 72 71 72 )
( 72 74 76 77 76 74 74 76 )
( 69 71 72 74 72 77 77 76 77 )
( 79 77 76 74 74 76 76 76 )
( 76 72 74 76 79 77 77 76 )
( 79 77 76 74 74 76 76 76 )
( 74 74 74 76 74 72 74 71 )
( 67 69 71 72 71 69 69 67 )
( 60 62 64 65 67 67 65 64 62 )
( 67 69 71 72 71 69 69 67 )
( 67 72 71 69 67 65 64 62 )
( 69 71 72 71 72 74 76 74 72 71 )
( 72 71 69 69 74 74 72 71 72 74 72 71 69 69 67 )
( 67 72 71 72 74 76 74 72 71 )
( 69 71 72 71 72 74 76 74 72 71 )
( 64 64 62 67 64 60 62 64 )
( 64 66 67 69 71 72 71 69 68 69 )
( 69 71 69 67 66 64 63 64 )
( 69 67 66 67 64 64 62 60 )
( 72 74 76 76 )
( 76 76 74 72 71 71 69 69 69 )
( 76 76 77 77 76 76 74 74 )
( 74 74 76 76 74 74 72 72 )
( 72 71 69 71 71 69 69 69 )
( 71 72 71 72 69 67 65 64 62 )
( 69 69 67 65 64 62 60 60 )
( 69 65 72 69 67 65 67 69 )
( 64 65 67 67 62 64 62 60 60 59 )
( 55 60 62 64 65 67 65 64 62 62 62 )
( 64 60 62 64 65 67 65 65 64 )
( 64 65 67 67 62 64 62 60 60 59 )
( 76 77 79 81 79 77 76 74 72 )
( 72 77 76 79 74 76 78 79 78 79 )
( 79 74 74 74 76 77 76 74 72 74 76 74 74 )
( 76 77 79 79 77 76 77 79 77 77 76 )
( 76 77 76 74 72 74 76 76 72 )
( 76 77 79 79 76 77 79 77 77 76 )
( 76 77 76 74 72 74 76 76 72 )
( 74 76 76 69 71 72 71 69 67 )
( 76 76 78 79 79 78 76 75 75 76 76 76 )
( 76 74 71 72 74 76 74 72 71 72 72 72 )
( 74 76 78 79 81 81 79 79 79 )
( 79 79 79 79 76 77 79 77 76 74 )
( 79 77 76 74 74 72 74 76 77 79 )
( 69 71 72 71 69 )
( 76 74 72 71 )
( 71 72 72 74 74 76 76 74 72 71 71 69 )
( 76 74 72 71 )
( 76 74 72 71 )
( 67 69 71 72 72 71 69 67 69 71 72 72 72 72 )
( 67 69 71 72 72 71 69 67 69 71 72 72 67 65 64 65 67 69 69 69 )
( 68 69 69 68 )
( 76 76 76 77 76 74 74 74 72 72 )
( 71 72 74 76 74 72 71 71 )
( 72 71 69 67 65 64 69 69 67 )
( 67 69 71 72 74 76 74 72 74 72 )
( 72 71 69 67 65 64 69 69 67 )
( 72 71 69 67 65 64 69 69 67 )
( 67 69 71 72 74 76 74 72 74 72 )
( 72 72 74 72 69 71 72 72 71 )
( 71 72 74 72 69 71 72 72 71 )
( 76 77 76 74 76 74 72 72 71 72 )
( 71 72 71 69 67 67 66 67 )
( 76 74 72 71 )
( 76 77 76 74 76 74 72 72 71 72 )
( 64 69 71 72 72 74 72 71 )
( 71 72 74 76 74 72 77 77 76 75 74 74 74 72 )
( 72 71 69 67 64 65 67 67 69 67 65 65 64 )
( 72 74 76 77 77 76 76 76 74 )
( 69 70 72 74 72 70 69 69 69 )
( 72 74 76 77 77 76 76 76 74 )
( 79 77 76 77 76 74 72 72 72 72 )
( 72 74 76 77 77 76 76 76 )
( 72 72 74 72 70 69 69 69 )
( 69 67 65 64 62 62 62 60 60 )
( 64 67 65 64 62 60 59 59 )
( 60 62 64 64 65 65 64 64 )
( 64 65 67 65 64 62 64 64 )
( 62 62 64 66 67 67 66 67 67 )
( 67 64 69 67 65 64 62 62 )
( 67 67 65 64 69 69 68 69 69 69 )
( 64 69 71 72 71 69 71 69 68 64 )
( 67 67 65 64 69 69 68 69 69 69 )
( 71 72 74 76 76 74 72 72 )
( 76 79 79 74 77 76 72 72 71 )
( 67 72 74 76 77 79 77 76 74 74 74 )
( 76 72 74 76 77 79 77 77 76 )
( 76 77 79 79 74 76 72 72 71 )
( 81 79 77 76 77 79 74 74 72 )
( 67 72 74 76 81 79 77 76 )
( 81 79 77 76 77 79 74 74 72 )
( 79 81 81 74 )
( 74 79 79 72 )
( 76 74 72 71 72 71 69 69 67 )
( 62 67 66 64 62 60 59 57 )
( 57 59 60 62 64 62 67 66 64 64 )
( 62 67 66 64 62 60 59 57 )
( 57 62 62 59 64 64 63 64 )
( 64 69 69 71 69 67 69 67 66 64 )
( 66 67 66 64 62 64 62 60 59 )
( 57 59 60 62 64 62 60 62 60 59 57 )
( 72 74 76 77 76 74 72 72 )
( 72 74 76 74 72 71 69 67 )
( 72 74 76 77 76 74 72 72 )
( 76 77 79 77 76 74 76 76 )
( 79 79 81 79 77 76 74 74 )
( 76 77 79 77 76 74 72 74 76 76 72 72 )
( 64 65 64 62 60 59 60 62 )
( 67 65 64 62 60 59 60 57 55 )
( 76 78 79 79 )
( 79 81 79 74 76 77 76 74 72 )
( 72 74 76 77 76 77 79 79 74 72 71 69 67 67 )
( 67 72 74 76 77 79 79 77 76 74 76 76 )
( 76 77 79 81 79 74 76 78 79 )
( 79 81 79 74 76 77 76 74 72 )
( 72 74 76 77 76 77 79 79 74 72 71 69 67 67 )
( 67 72 74 76 77 79 79 77 76 74 69 71 72 )
( 74 76 72 69 69 67 )
( 72 74 72 71 69 69 67 67 )
( 69 71 72 67 65 64 65 64 62 62 60 )
( 67 67 67 69 69 67 67 )
( 72 74 72 71 69 69 67 67 )
( 69 71 72 67 65 64 65 64 62 62 60 )
( 67 67 67 69 67 66 67 69 67 67 )
( 67 67 69 71 72 71 69 69 67 67 )
( 71 72 74 74 74 69 67 64 62 62 )
( 64 66 67 65 64 66 66 67 67 )
( 62 64 65 64 62 64 62 60 60 )
( 72 74 74 76 72 74 74 76 )
( 76 77 76 77 79 77 76 74 72 74 72 )
( 69 71 71 76 74 72 72 71 )
( 69 69 68 69 71 72 71 69 )
( 69 71 71 76 74 72 72 71 )
( 76 74 72 71 72 74 72 71 69 )
( 72 71 69 67 66 64 66 67 69 71 )
( 71 72 72 71 69 71 69 69 69 )
( 64 69 67 65 64 62 62 64 )
( 71 72 72 71 69 71 69 69 69 )
( 72 71 69 67 69 71 72 72 72 )
( 67 69 67 65 64 65 64 64 64 )
( 72 71 72 74 72 71 69 69 71 )
( 55 57 59 60 60 59 60 60 )
( 60 62 64 62 64 65 67 67 62 62 62 62 62 62 64 64 64 )
( 72 74 76 77 76 74 72 72 72 72 )
( 72 74 76 74 72 71 69 69 67 67 )
( 72 74 76 77 76 74 72 72 72 72 )
( 76 77 79 77 76 74 76 76 )
( 79 79 81 79 77 76 74 74 )
( 76 77 79 77 76 74 72 74 76 76 72 72 )
( 72 74 76 77 74 79 81 79 )
( 76 76 77 79 77 76 74 72 74 76 74 )
( 76 72 74 76 77 )
( 76 74 76 77 )
( 71 72 74 76 74 72 77 77 76 74 76 74 74 72 )
( 72 71 69 67 64 65 67 67 69 67 65 65 64 )
( 72 72 72 74 72 71 69 69 68 69 69 )
( 71 72 72 74 76 77 79 77 76 74 76 76 76 )
( 76 76 76 74 74 74 76 74 72 71 71 71 )
( 71 71 73 74 72 71 69 69 68 69 69 )
( 71 72 72 71 69 71 69 69 69 )
( 64 69 67 65 64 62 62 64 )
( 71 72 72 71 69 71 69 69 69 )
( 72 71 69 67 69 71 72 72 72 )
( 67 69 67 65 65 64 64 64 )
( 72 71 72 74 72 71 69 69 71 )
( 72 74 76 76 74 72 71 71 )
( 69 71 72 69 69 67 65 64 64 )
( 65 67 69 69 67 65 64 64 )
( 69 68 69 71 72 71 69 69 )
( 72 74 76 76 74 72 71 71 )
( 69 71 72 69 69 67 65 64 64 )
( 81 79 77 76 74 74 74 72 72 )
( 76 79 77 76 74 72 71 71 )
( 72 74 76 76 77 79 77 77 76 76 )
( 76 74 76 77 79 77 76 74 76 76 )
( 74 74 76 78 79 79 78 79 79 )
( 79 76 81 79 77 76 74 74 74 )
( 76 77 79 81 79 77 76 74 72 71 69 71 72 72 )
( 76 76 76 74 76 76 72 )
( 72 74 76 77 76 74 72 72 )
( 74 76 77 76 74 72 71 69 71 72 74 72 71 69 67 67 )
( 69 62 62 67 65 64 62 60 )
( 67 69 69 67 65 64 64 )
( 62 64 66 67 69 71 69 67 67 )
( 67 67 67 72 70 69 69 )
( 69 69 69 74 72 71 71 )
( 67 69 67 69 71 72 72 )
( 67 69 71 72 71 69 72 71 69 67 )
( 64 69 67 65 64 62 62 60 )
( 60 67 64 62 60 67 69 71 72 69 67 )
( 67 69 71 72 71 69 72 71 69 67 )
( 64 69 67 65 64 62 62 60 )
( 67 67 64 64 )
( 67 67 64 64 )
( 64 64 62 62 64 64 62 64 65 64 62 62 60 60 )
( 60 60 64 62 60 59 60 59 57 57 57 57 )
( 69 69 64 69 69 67 67 66 66 66 64 64 )
( 60 60 64 62 60 59 60 59 57 57 57 57 )
( 60 60 62 64 65 65 64 64 62 62 60 60 )
( 60 60 62 64 65 65 64 64 62 62 60 60 )
( 64 66 67 64 69 69 68 68 )
( 76 72 69 71 71 69 69 69 )
( 69 69 71 72 74 71 71 72 )
( 74 76 72 69 71 71 69 69 69 )
( 76 74 72 71 69 71 71 71 )
( 71 72 74 76 72 74 74 72 71 )
( 71 72 74 76 72 74 74 72 71 )
( 72 72 79 76 74 72 71 72 71 69 67 72 74 76 77 74 74 72 )
( 79 77 76 74 72 81 81 )
( 76 77 79 79 81 79 77 76 74 74 )
( 72 74 74 76 74 72 74 74 76 )
( 76 76 74 76 74 72 74 72 71 69 )
( 69 71 72 72 74 72 71 69 69 69 )
( 74 76 74 69 71 72 71 69 71 69 )
( 69 69 67 72 74 76 74 72 74 74 76 76 )
( 77 77 76 74 76 77 74 72 72 72 72 )
( 76 76 74 72 74 76 77 76 76 )
( 79 76 77 76 74 76 76 77 76 77 79 77 76 74 74 72 72 )
( 76 76 72 74 72 71 69 69 )
( 67 69 71 72 69 69 69 69 )
( 69 71 71 76 74 72 72 71 )
( 69 69 68 69 71 72 71 69 )
( 69 71 71 76 74 72 72 71 )
( 76 74 72 71 74 72 71 69 )
( 72 71 69 67 66 64 66 67 69 71 )
( 72 72 72 74 71 69 67 72 72 72 71 71 )
( 71 72 72 72 74 74 76 74 74 74 74 74 )
( 72 71 69 76 74 76 69 71 73 74 )
( 72 71 76 74 72 71 71 )
( 69 71 72 72 74 74 76 76 72 )
( 76 77 79 77 76 74 72 72 72 )
( 76 77 79 79 77 76 74 74 )
( 76 77 79 77 76 74 72 72 72 )
( 74 76 77 77 76 76 74 74 )
( 77 79 81 81 79 79 77 77 )
( 76 77 79 79 77 76 74 74 )
( 64 64 66 68 69 69 68 68 )
( 69 71 72 71 71 69 69 69 69 )
( 64 64 62 60 59 59 57 57 )
( 64 64 66 68 69 69 68 68 )
( 69 71 72 71 71 69 69 69 69 )
( 64 64 65 64 62 64 65 62 60 60 )
( 64 66 67 64 69 67 66 66 66 64 64 )
( 76 77 79 81 79 77 76 74 72 71 69 71 72 72 )
( 76 76 76 74 76 76 72 )
( 72 74 76 77 76 74 76 72 72 )
( 74 76 77 76 74 72 71 69 67 72 74 76 74 72 71 69 67 67 )
( 76 72 69 71 71 69 69 69 )
( 69 69 71 72 74 71 72 74 )
( 76 72 69 71 71 69 69 69 )
( 76 74 72 71 69 71 71 71 )
( 71 72 74 76 76 74 74 71 )
( 71 72 74 76 76 74 72 71 )
( 69 71 72 74 69 71 72 71 69 )
( 69 69 69 67 69 65 64 62 )
( 69 71 72 74 69 71 72 71 69 )
( 72 72 72 70 69 67 65 67 69 67 65 )
( 69 69 69 67 65 64 64 64 62 )
( 69 69 67 69 71 72 71 69 67 )
( 76 77 74 76 74 72 72 72 )
( 72 72 74 76 74 72 71 71 69 )
( 76 77 74 76 74 72 72 72 )
( 72 74 76 76 77 77 79 77 76 74 )
( 79 76 76 74 72 71 71 69 )
( 76 77 77 76 74 74 74 72 71 71 72 72 72 )
( 72 72 74 76 77 79 79 79 78 79 79 )
( 76 77 77 76 74 74 74 72 71 71 72 72 72 )
( 74 74 76 77 77 77 76 74 76 74 74 74 )
( 76 76 76 77 79 81 81 80 80 81 81 )
( 83 84 84 76 77 77 76 74 74 )
( 76 77 79 79 74 76 72 72 74 )
( 67 72 74 76 76 77 74 74 74 )
( 76 72 74 76 77 79 77 77 76 )
( 76 77 79 79 74 76 72 72 71 )
( 67 67 65 64 69 69 68 69 69 69 )
( 64 69 71 72 71 69 71 68 68 64 )
( 67 67 65 64 69 69 68 69 69 69 )
( 71 72 74 76 74 76 77 74 74 72 )
( 71 72 74 76 74 72 77 77 76 74 76 74 74 72 )
( 72 71 69 67 65 64 65 67 67 69 67 65 65 64 )
( 81 79 77 76 74 74 74 72 72 )
( 76 79 77 76 74 72 71 71 )
( 72 74 76 76 77 79 77 77 76 76 )
( 76 77 79 77 76 74 76 76 )
( 74 74 76 78 79 79 78 79 79 )
( 79 76 81 79 77 76 74 74 74 )
( 72 71 69 67 65 64 69 69 67 )
( 67 69 71 72 74 76 74 72 72 71 72 72 72 )
( 72 71 69 67 65 64 69 69 67 )
( 72 71 69 67 65 64 69 69 67 )
( 67 69 71 72 74 76 74 72 72 71 72 72 72 )
( 72 72 74 72 71 69 71 72 72 71 )
( 71 72 74 72 71 69 71 72 76 74 71 )
( 76 76 76 74 72 72 71 72 )
( 71 72 71 69 67 67 66 67 )
( 76 74 72 71 )
( 76 77 76 74 76 72 72 71 72 )
( 76 74 72 72 71 72 72 72 )
( 60 67 67 69 71 72 72 )
( 72 76 74 72 72 71 72 72 72 )
( 72 74 76 76 74 72 71 69 71 67 )
( 71 72 71 69 69 67 67 67 )
( 67 64 65 67 69 67 67 65 64 )
( 71 72 72 71 72 74 74 76 72 71 71 69 69 69 )
( 71 71 72 74 74 72 71 69 69 67 67 67 )
( 74 76 78 79 78 78 76 76 75 76 76 76 )
( 76 76 76 74 72 71 72 74 76 74 72 71 71 71 )
( 76 76 76 74 76 77 76 74 72 71 71 71 )
( 64 64 62 67 64 62 60 62 64 )
( 64 66 67 69 71 72 71 69 68 69 )
( 69 71 69 67 66 64 66 64 )
( 69 67 66 67 65 64 64 62 60 )
( 71 72 74 76 77 76 72 77 77 76 74 72 74 74 74 72 )
( 72 71 69 67 66 64 66 67 67 69 67 65 65 64 )
( 67 67 65 64 69 69 68 69 )
( 64 69 71 72 71 69 71 68 68 64 64 )
( 67 67 65 64 69 69 68 69 )
( 71 72 74 76 76 74 72 72 )
( 72 74 76 76 74 72 71 71 )
( 69 71 72 69 69 67 65 64 64 )
( 65 67 69 69 67 65 64 64 )
( 69 68 69 71 72 71 69 69 69 )
( 72 74 76 76 74 72 71 71 71 )
( 69 71 72 71 69 69 67 65 64 64 )
( 67 69 69 71 71 64 64 64 )
( 69 69 71 72 74 71 69 67 )
( 67 69 69 71 71 64 64 64 )
( 76 74 72 71 69 71 71 71 )
( 71 72 74 76 76 74 74 71 )
( 74 72 71 69 69 71 69 67 )
( 77 76 74 79 77 76 76 76 74 )
( 69 70 72 74 72 77 77 76 77 )
( 77 76 74 79 77 76 76 76 74 )
( 74 74 74 76 74 72 72 71 72 )
( 72 74 76 77 76 74 74 76 )
( 69 70 72 74 72 77 77 76 77 )
( 79 72 77 76 74 77 76 76 )
( 79 72 77 76 74 77 76 76 )
( 79 72 77 76 74 77 76 76 )
( 79 79 77 76 74 76 78 79 79 )
( 76 77 79 79 74 76 72 72 71 )
( 67 72 74 76 76 74 74 74 )
( 76 72 74 76 77 79 77 77 76 )
( 76 77 79 79 74 76 72 72 71 )
( 72 74 76 77 74 79 81 79 )
( 76 76 77 79 77 76 74 72 74 76 74 74 )
( 76 72 74 76 77 )
( 76 74 76 77 )
( 74 79 78 76 74 72 71 69 )
( 69 71 72 74 76 74 79 78 76 76 )
( 74 79 78 76 74 72 71 69 )
( 69 74 74 71 76 76 75 76 )
( 76 81 81 83 81 79 81 79 78 76 )
( 78 79 78 76 74 76 74 72 71 )
( 69 71 72 74 76 74 72 74 72 71 69 )
( 77 76 74 79 77 76 76 76 74 )
( 69 70 72 74 72 77 77 76 77 )
( 77 76 74 79 77 76 76 76 74 )
( 74 74 74 76 77 76 74 72 72 71 72 )
( 72 74 76 77 76 74 74 76 )
( 69 70 72 74 72 77 77 76 77 )
( 76 77 79 77 76 74 74 72 72 72 )
( 76 77 79 79 77 76 74 74 )
( 76 77 79 77 76 74 74 72 72 72 )
( 74 76 77 76 77 79 76 76 74 74 )
( 77 79 81 79 81 82 81 79 77 77 77 )
( 76 77 79 79 77 76 74 74 )
( 64 62 67 64 69 68 69 71 )
( 72 71 69 67 65 64 65 67 62 62 60 )
( 72 71 69 67 67 69 67 65 64 64 )
( 62 67 65 64 72 71 68 69 71 )
( 72 74 72 71 69 68 69 71 71 69 69 )
( 76 74 72 71 69 72 71 69 69 69 69 )
( 69 69 71 72 74 71 72 72 71 72 74 )
( 76 74 72 71 69 72 71 69 69 69 69 )
( 76 74 72 71 69 71 71 71 )
( 71 72 74 76 76 74 72 71 72 71 )
( 71 72 74 76 76 74 72 71 72 71 )
( 81 79 79 77 77 76 )
( 72 74 74 76 77 79 77 76 74 74 72 )
( 74 74 74 74 )
( 76 74 72 72 74 72 71 71 71 )
( 76 76 74 76 77 76 74 72 74 72 )
( 72 74 76 77 79 77 76 74 76 )
( 76 76 74 76 77 76 74 72 74 72 )
( 72 74 76 77 76 74 76 74 )
( 74 76 77 79 77 76 74 76 )
( 69 71 72 74 69 71 72 71 69 )
( 69 69 69 67 69 65 64 62 )
( 69 71 72 74 69 71 72 71 69 )
( 72 72 72 70 69 67 65 67 69 67 65 )
( 69 69 69 67 65 64 64 64 62 )
( 69 69 67 69 71 72 71 69 67 )
( 74 76 76 74 69 69 71 73 74 )
( 74 76 76 74 69 71 69 67 )
( 69 71 73 74 74 )
( 72 71 69 71 72 )
( 76 76 74 74 72 74 71 67 )
( 74 74 76 74 72 71 69 67 67 67 )
( 79 79 79 81 77 79 76 72 )
( 76 76 74 74 72 74 71 67 )
( 76 77 79 71 72 74 76 76 76 )
( 76 76 76 76 81 79 77 76 )
( 76 77 79 71 72 74 76 76 76 )
( 74 74 74 74 74 76 76 74 )
( 74 76 78 79 79 78 79 79 79 )
( 79 76 76 77 79 81 81 76 )
( 72 72 72 72 74 76 74 74 72 72 72 72 )
( 76 74 72 74 79 76 72 74 74 )
( 72 72 72 72 74 76 74 74 72 72 72 72 )
( 67 67 69 71 72 74 71 67 )
( 74 77 77 76 74 74 72 72 )
( 74 74 72 70 69 69 67 67 )
( 67 74 74 72 74 76 77 76 74 74 72 72 )
( 72 70 72 74 72 72 70 69 69 69 69 )
( 69 69 67 67 72 72 74 76 77 77 77 77 )
( 77 77 76 74 72 74 76 76 76 76 )
( 69 67 72 74 76 77 77 77 77 )
( 77 77 76 74 72 )
( 74 74 72 70 69 67 67 )
( 67 74 74 72 74 76 77 76 74 74 72 72 )
( 72 70 72 74 72 72 70 69 69 69 69 )
( 76 76 77 77 79 79 )
( 76 79 77 76 74 72 72 )
( 76 77 79 76 77 79 77 76 74 72 )
( 74 74 72 70 69 67 67 )
( 67 74 74 72 74 76 77 76 74 74 72 72 )
( 62 62 60 59 57 56 57 57 )
( 64 64 69 67 66 64 66 67 66 64 64 )
( 66 67 64 64 59 60 60 59 59 )
( 57 59 60 62 64 62 60 59 57 57 )
( 69 69 71 69 71 68 69 69 69 69 )
( 71 66 67 64 64 59 60 60 59 59 )
( 64 63 64 66 67 66 64 63 64 64 )
( 66 68 69 69 64 62 64 59 60 60 59 59 )
( 62 62 60 59 57 56 57 59 60 59 59 57 57 )
( 60 62 64 66 67 66 64 64 )
( 62 60 59 57 57 )
( 60 64 62 60 59 57 57 57 57 57 )
( 69 64 69 69 71 67 66 66 64 64 )
( 60 64 62 60 59 57 57 57 57 57 )
( 60 62 64 64 65 64 62 62 60 60 )
( 60 62 64 64 65 64 62 62 60 60 )
( 64 66 67 64 69 69 68 68 )
( 69 72 67 64 65 64 62 60 60 )
( 67 67 69 71 72 72 71 )
( 69 72 67 64 65 64 62 60 60 )
( 60 62 64 62 60 62 64 )
( 72 71 72 74 72 71 69 67 )
( 67 67 72 71 67 69 67 65 64 )
( 62 64 65 67 65 64 62 60 60 )
( 60 62 64 62 60 62 64 )
( 72 71 72 74 72 71 69 67 )
( 67 67 72 71 67 69 67 65 64 )
( 62 64 65 67 65 64 62 60 60 )
( 60 62 64 62 60 62 64 )
( 81 79 77 76 74 72 74 76 74 72 )
( 74 76 76 74 79 79 78 79 )
( 76 77 76 74 74 )
( 74 72 74 76 74 72 72 74 )
( 74 76 74 72 72 71 71 72 72 72 72 )
( 72 72 74 76 76 )
( 76 77 76 74 74 )
( 74 72 74 76 74 72 72 74 )
( 74 76 74 72 72 71 71 72 72 72 72 )
( 76 77 76 74 74 )
( 74 72 72 71 71 )
( 71 72 71 69 69 68 68 69 69 )
( 72 72 71 72 72 )
( 76 77 76 74 74 )
( 74 72 74 76 74 72 72 74 )
( 76 76 78 80 81 81 80 80 )
( 81 84 83 81 81 81 81 81 )
( 76 76 74 72 71 71 69 69 )
( 76 76 78 80 81 81 80 80 )
( 81 84 83 81 81 81 81 81 )
( 76 76 77 76 74 72 72 72 )
( 76 78 79 76 81 79 78 78 76 76 )
( 79 81 77 77 )
( 76 77 79 74 74 )
( 79 79 77 76 74 74 74 72 72 )
( 72 72 74 72 74 76 77 77 76 77 77 )
( 79 81 77 77 )
( 76 77 79 74 74 )
( 79 77 76 74 74 76 76 76 )
( 72 72 72 77 77 76 76 )
( 76 81 81 77 77 79 79 76 )
( 76 77 77 74 74 76 76 72 )
( 67 67 67 65 64 62 62 64 64 )
( 69 64 69 71 72 69 71 71 )
( 67 67 67 65 64 62 62 64 64 )
( 72 72 71 71 69 71 68 68 )
( 64 66 68 69 69 68 69 69 )
( 72 72 71 71 69 71 68 68 )
( 60 60 60 64 64 65 67 67 69 67 67 67 )
( 67 67 69 67 67 65 64 65 64 62 60 60 )
( 60 62 62 62 64 64 62 60 60 62 64 64 64 )
( 67 67 69 67 67 65 64 65 64 62 60 60 )
( 60 62 62 62 64 64 62 60 60 62 64 64 64 )
( 57 57 57 59 59 59 60 59 60 62 64 65 67 67 67 )
( 77 76 74 72 71 72 74 74 72 72 )
( 72 71 72 74 74 72 74 76 76 )
( 77 76 74 72 71 72 74 74 72 72 )
( 72 74 76 77 76 74 72 74 72 71 69 69 )
( 71 67 67 74 76 77 76 74 72 72 )
( 72 71 69 76 74 76 69 71 73 74 )
( 72 71 76 76 74 72 71 71 71 )
( 69 71 72 72 74 74 76 76 74 72 )
( 67 67 65 64 69 69 71 68 69 69 69 )
( 64 69 71 72 71 69 71 68 66 64 )
( 67 67 65 64 69 69 71 68 69 69 69 )
( 71 72 74 76 76 74 76 77 74 72 )
( 71 72 71 69 69 67 67 )
( 67 69 67 65 64 62 62 )
( 64 60 62 64 65 67 65 65 64 )
( 71 72 71 69 69 67 67 )
( 76 76 77 79 76 72 74 76 77 76 74 72 72 74 76 76 74 72 74 72 72 72 )
( 69 71 72 65 64 62 67 64 64 )
( 72 71 69 76 74 72 71 72 74 68 68 )
( 69 71 72 65 64 62 67 64 64 )
( 76 67 66 67 72 71 69 71 71 )
( 76 76 74 76 77 76 74 74 72 72 72 72 )
( 76 76 76 79 77 77 76 76 )
( 76 76 74 76 77 76 74 74 72 72 72 72 )
( 76 76 74 74 72 72 71 71 )
( 74 74 72 72 71 69 71 72 69 69 67 67 )
( 67 67 69 69 67 65 64 64 )
( 67 67 65 65 64 62 64 65 62 62 60 60 )
( 72 72 71 71 69 69 67 67 )
( 67 67 65 64 62 60 60 60 )
( 67 72 67 69 67 65 64 64 )
( 67 67 65 64 62 60 60 60 )
( 62 62 64 66 67 67 66 67 67 )
( 69 71 72 72 71 71 69 69 )
( 64 64 69 67 67 66 67 67 )
( 64 62 57 60 62 64 64 62 )
( 64 66 67 64 62 62 60 59 )
( 76 76 79 77 77 76 74 74 74 72 72 72 )
( 71 71 72 74 74 74 72 72 74 71 71 71 )
( 76 76 76 74 74 72 71 71 71 69 69 69 )
( 72 72 72 72 72 72 77 77 76 74 74 74 )
( 69 71 72 74 67 69 71 72 69 67 )
( 74 76 76 72 74 76 77 76 74 )
( 67 64 67 65 67 64 62 60 )
( 67 69 69 64 67 65 65 64 )
( 74 74 69 71 72 74 72 )
( 72 72 72 74 76 77 76 74 72 72 )
( 74 74 69 71 72 74 72 )
( 72 79 79 81 79 77 76 78 79 )
( 79 79 79 81 79 77 76 74 72 72 )
( 69 71 72 69 67 66 67 67 )
( 72 72 74 76 77 76 74 72 72 )
( 74 74 69 71 72 71 69 67 )
( 74 76 77 76 74 72 72 )
( 76 79 79 77 76 74 74 )
( 76 72 77 76 74 72 72 74 )
( 76 79 81 79 76 74 72 )
( 72 77 76 79 74 72 69 67 )
( 69 69 71 72 72 72 60 62 62 60 60 60 )
( 62 62 62 64 64 67 65 65 62 64 64 64 )
( 69 69 67 65 64 69 67 64 65 )
( 69 71 73 74 69 71 72 71 69 )
( 71 72 71 69 69 67 65 64 65 )
( 67 67 69 67 65 64 65 65 64 )
( 76 76 77 79 77 76 74 74 76 )
( 76 76 76 76 74 72 72 71 )
( 76 76 77 79 77 76 74 74 76 )
( 76 74 72 71 69 71 72 71 )
( 76 76 76 76 74 74 76 77 76 76 74 74 )
( 72 74 74 76 74 74 72 69 71 71 72 72 )
( 67 60 62 64 65 64 62 60 60 )
( 60 60 60 67 67 69 69 67 )
( 67 60 62 64 65 64 62 60 60 )
( 64 64 64 62 64 60 59 57 55 )
( 67 69 67 67 64 65 67 65 64 )
( 72 71 72 74 71 72 72 71 )
( 72 71 69 69 68 69 69 69 )
( 69 72 69 68 69 71 71 72 )
( 72 71 72 74 71 72 72 71 )
( 72 71 69 69 68 69 69 69 )
( 72 72 72 71 72 69 69 68 )
( 72 72 72 71 72 69 69 68 )
( 69 71 73 74 74 73 74 )
( 76 76 79 72 74 76 74 74 72 )
( 76 74 76 72 74 71 71 )
( 72 72 72 74 72 71 71 69 )
( 71 71 71 71 72 74 74 )
( 74 74 76 77 77 76 76 )
( 76 76 79 77 76 74 74 )
( 72 71 69 74 72 71 71 )
( 76 74 72 71 69 67 69 67 65 64 64 )
( 71 72 74 76 )
( 74 76 77 76 74 74 72 72 )
( 74 74 79 79 77 77 76 76 )
( 74 74 72 71 69 69 67 67 )
( 72 72 77 77 76 76 74 74 )
( 72 72 72 72 74 74 67 67 )
( 79 77 76 74 72 71 69 69 )
( 76 74 72 71 69 71 71 )
( 72 74 76 72 )
( 76 77 76 74 74 72 72 )
( 76 74 72 69 )
( 74 74 72 71 69 67 67 )
( 72 74 76 72 )
( 72 74 76 76 77 76 74 74 74 72 72 )
( 76 74 76 76 74 72 74 74 )
( 74 76 77 77 76 74 76 76 76 74 74 )
( 69 71 72 72 74 74 76 76 )
( 60 62 62 64 65 65 67 64 60 60 )
( 62 64 66 67 67 )
( 71 69 71 72 71 69 69 67 67 67 )
( 67 68 68 69 69 )
( 71 72 72 74 72 71 71 69 69 )
( 60 62 64 62 61 62 62 )
( 67 62 64 65 64 62 64 64 )
( 62 60 62 64 62 60 59 57 )
( 69 71 72 67 64 65 64 62 62 60 60 60 60 )
( 67 64 69 71 72 72 71 71 )
( 69 71 72 67 64 65 64 62 62 60 60 60 60 )
( 64 66 68 69 71 71 69 69 )
( 65 64 62 64 65 67 67 65 64 64 62 64 64 )
( 64 67 67 65 64 64 62 60 60 59 60 60 )
( 76 74 72 72 74 76 76 74 72 74 72 72 72 )
( 76 74 76 72 69 71 72 74 )
( 76 76 78 79 79 78 76 75 75 76 76 76 )
( 76 74 71 72 74 76 74 72 71 72 72 72 )
( 67 67 72 72 67 67 72 74 76 76 74 74 72 72 71 71 69 69 67 67 67 67 )
( 67 67 72 72 67 67 69 69 64 64 65 64 62 62 60 60 60 60 )
( 60 60 64 64 67 67 67 67 67 67 67 67 69 69 69 69 67 67 67 67 )
( 67 67 72 72 67 67 72 74 76 76 74 74 72 72 71 71 69 69 67 67 67 67 )
( 67 67 72 72 67 67 69 69 64 64 65 64 62 62 60 60 60 60 )
( 67 67 67 67 67 65 64 64 62 62 60 60 60 60 )
( 67 67 67 67 67 65 64 64 62 62 60 60 60 60 )
( 62 62 64 64 65 65 64 64 64 64 )
( 67 67 69 69 71 71 72 72 )
( 72 74 76 76 74 74 72 72 )
( 64 66 67 69 67 66 66 64 )
( 59 60 60 62 62 64 64 60 )
( 76 76 76 77 79 77 76 74 76 72 )
( 76 77 76 74 72 74 76 71 69 )
( 76 77 76 74 72 74 76 71 69 )
( 72 74 76 77 76 74 69 71 72 )
( 72 72 67 72 77 76 74 72 )
( 72 74 76 77 76 74 69 71 72 )
( 72 77 76 74 79 79 78 79 )
( 79 81 77 79 77 76 74 72 )
( 76 72 74 76 74 72 71 69 71 69 )
( 76 75 76 78 79 81 79 78 76 )
( 76 72 74 76 74 72 71 69 71 69 )
( 69 71 72 74 69 71 72 74 76 )
( 76 81 80 81 83 81 79 78 76 )
( 78 79 76 78 79 74 72 71 69 69 )
( 71 72 71 72 69 71 74 73 74 )
( 74 72 69 65 62 64 62 61 )
( 55 60 60 62 62 64 64 62 60 59 59 57 )
( 64 60 62 59 )
( 64 60 62 59 )
( 72 67 71 72 74 76 76 74 )
( 74 76 74 72 69 67 71 73 74 )
( 64 65 67 69 69 65 67 67 67 65 65 65 )
( 67 64 65 67 69 69 67 67 65 64 62 62 62 )
( 76 76 76 81 79 79 78 79 )
( 76 76 76 77 76 74 73 74 )
( 68 68 69 71 72 72 71 71 )
( 72 72 71 71 69 69 68 68 )
( 69 69 67 67 65 65 64 64 )
( 76 76 74 74 72 72 71 71 )
( 76 76 76 69 69 71 72 72 72 71 71 71 )
( 76 72 76 77 77 76 74 74 72 74 74 74 )
( 76 76 76 69 69 71 72 72 72 71 71 71 )
( 67 74 74 74 74 76 77 77 77 76 76 76 )
( 76 77 76 74 72 74 76 )
( 76 76 72 71 69 )
( 76 77 76 74 72 74 76 )
( 76 72 74 67 67 67 )
( 74 76 72 72 72 )
( 69 69 65 65 64 62 62 62 62 62 60 60 )
( 67 67 67 67 64 64 69 69 69 71 72 72 )
( 60 62 62 62 62 64 64 64 64 64 64 64 )
( 72 72 72 72 72 72 71 71 71 69 )
( 67 67 69 69 65 65 64 62 62 62 62 62 60 60 )
( 67 67 67 67 64 64 69 69 69 71 72 72 )
( 60 62 62 62 62 64 64 64 64 64 64 64 )
( 64 64 64 64 65 65 67 67 64 64 64 64 )
( 69 69 68 68 69 69 71 71 68 68 68 68 )
( 67 69 71 72 71 69 72 71 69 67 )
( 64 69 67 65 64 62 62 60 )
( 60 67 64 62 60 67 69 71 72 69 67 )
( 67 69 71 72 71 69 72 71 69 67 )
( 64 69 67 65 64 62 62 60 )
( 67 67 64 64 )
( 67 67 64 64 )
( 64 64 62 62 64 64 62 64 65 64 62 62 60 60 )
( 71 72 71 69 71 72 71 69 69 68 )
( 64 69 71 72 71 69 68 68 69 )
( 64 64 66 67 65 64 62 60 )
( 60 67 67 69 71 72 71 72 )
( 64 60 62 64 62 60 59 57 59 57 57 )
( 60 62 62 57 55 60 62 64 )
( 64 62 60 62 64 62 60 59 57 59 59 )
( 57 57 57 57 57 57 57 57 )
( 64 64 62 64 65 67 69 64 )
( 64 64 62 60 62 64 62 60 59 57 59 57 )
( 60 62 62 57 55 60 62 64 )
( 64 64 62 60 62 64 60 59 57 59 59 )
( 57 57 57 57 57 57 57 57 )
( 64 60 67 64 )
( 67 65 64 62 60 )
( 64 62 60 59 57 )
( 60 62 62 57 55 60 62 64 )
( 64 62 60 62 64 60 59 57 59 59 )
( 69 68 69 71 72 74 72 71 71 )
( 69 71 72 71 69 69 67 65 64 64 )
( 62 61 62 64 65 67 65 64 64 )
( 69 69 69 67 65 64 62 62 )
( 67 69 71 72 74 76 74 72 71 71 )
( 69 71 72 71 69 69 67 65 64 64 )
( 64 65 65 69 67 67 65 64 64 64 62 62 )
( 62 64 64 62 60 60 57 60 60 60 62 62 )
( 64 65 65 69 67 67 65 64 64 64 62 62 )
( 67 67 67 67 69 69 67 65 64 62 60 60 )
( 60 65 65 64 65 65 67 69 69 67 65 64 62 61 61 )
( 74 69 74 72 71 71 69 69 )
( 69 71 72 74 72 71 69 69 )
( 69 74 74 73 74 74 )
( 74 74 76 76 74 72 71 71 )
( 69 71 72 71 69 69 )
( 72 74 76 77 76 74 74 76 76 )
( 67 65 64 62 60 62 64 66 67 )
( 69 67 65 64 65 62 62 60 )
( 60 60 62 64 62 60 64 66 67 )
( 67 65 64 62 60 62 64 66 67 )
( 69 67 65 64 65 62 62 60 )
( 72 72 72 71 67 69 69 64 )
( 72 72 72 71 67 69 69 67 )
( 64 65 67 69 67 64 65 65 64 )
( 62 64 65 67 67 65 64 62 )
( 67 69 71 72 71 69 69 67 )
( 65 64 62 62 60 60 60 60 )
( 67 67 67 67 69 69 65 65 )
( 69 69 70 69 67 67 67 67 )
( 67 67 67 67 72 72 67 )
( 67 69 69 67 67 65 65 65 65 )
( 67 67 67 67 67 67 64 64 )
( 65 64 62 60 60 60 60 60 )
( 67 67 69 69 70 70 70 70 67 67 66 66 67 67 67 67 )
( 72 71 71 69 67 67 66 64 64 )
( 64 69 69 69 68 68 68 69 69 69 71 71 )
( 71 71 71 71 72 72 72 71 71 71 )
( 76 76 74 72 72 71 69 71 73 74 74 )
( 67 67 65 64 69 69 68 69 69 69 )
( 64 69 71 72 71 69 71 68 68 64 )
( 67 67 65 64 69 69 68 69 69 69 )
( 71 72 74 76 76 74 74 72 )
( 72 72 71 69 69 67 67 67 )
( 72 72 72 71 69 71 69 69 )
( 69 69 67 69 71 72 69 67 )
( 72 72 72 71 69 71 69 69 )
( 69 69 67 69 71 72 69 67 )
( 72 72 72 71 69 71 69 69 )
( 69 69 67 69 71 72 69 67 )
( 64 67 69 71 71 69 69 69 )
( 64 67 69 71 71 69 69 69 )
( 71 71 72 74 76 69 69 67 69 71 72 69 67 72 72 72 71 69 71 69 69 )
( 69 69 67 69 71 72 69 67 )
( 72 72 72 71 69 71 69 69 )
( 69 69 67 69 71 72 69 67 )
( 72 72 72 71 69 71 69 69 )
( 69 69 67 69 71 72 69 67 )
( 72 72 72 71 69 71 69 69 )
( 69 69 67 69 71 72 69 67 )
( 72 72 72 71 69 71 69 69 )
( 69 69 67 69 71 72 69 67 )
( 72 72 72 71 69 71 69 69 )
( 69 69 67 69 71 72 69 67 )
( 69 69 69 67 71 71 69 69 )
( 69 69 67 69 71 72 67 67 64 )
( 69 69 69 67 71 71 69 69 )
( 69 69 67 69 71 72 67 67 64 )
( 69 69 69 67 71 71 69 69 )
( 69 69 67 69 71 72 67 67 64 )
( 69 69 69 67 71 71 69 69 )
( 69 69 67 69 71 72 67 67 64 )
( 69 69 69 67 71 71 69 69 )
( 69 69 67 69 71 72 67 67 64 )
( 69 69 69 67 71 71 69 69 )
( 69 69 67 69 71 72 67 67 64 )
( 65 62 65 64 62 64 66 67 )
( 67 67 67 69 65 67 65 64 )
( 60 62 65 64 62 65 62 60 )
( 67 67 67 69 65 67 65 64 )
( 65 65 65 64 62 65 62 60 )
( 67 67 67 69 65 67 65 64 )
( 64 65 67 69 69 69 72 69 69 )
( 69 69 67 69 71 72 67 67 64 )
( 69 69 69 67 71 71 71 69 )
( 69 69 67 69 72 67 67 64 )
( 69 69 69 67 71 71 71 69 )
( 69 69 67 69 72 67 67 64 )
( 69 69 69 67 71 71 71 69 )
( 69 69 67 69 72 67 67 64 )
( 65 64 62 65 67 69 67 65 64 )
( 65 65 67 69 67 65 67 65 64 )
( 76 74 72 72 71 72 72 )
( 76 79 77 76 )
( 76 74 72 71 69 71 69 68 64 )
( 71 74 72 71 72 72 71 69 69 71 71 )
( 71 72 74 76 )
( 76 78 79 78 76 75 76 76 75 76 )
( 68 69 71 72 )
( 60 62 64 65 65 65 64 62 60 60 60 )
( 62 64 64 62 62 62 64 60 60 60 59 59 59 )
( 72 71 72 74 76 74 72 72 72 71 72 72 )
( 74 76 76 76 74 74 74 72 72 72 71 71 71 )
( 69 71 68 69 69 )
( 69 74 74 74 76 76 76 72 72 72 71 71 71 )
( 74 77 76 74 76 74 76 72 71 72 72 74 74 74 )
( 67 72 76 74 76 72 81 77 77 79 72 77 74 74 72 )
( 74 77 76 74 76 74 76 72 71 72 72 74 74 74 )
( 71 72 74 76 69 81 77 74 73 74 76 76 77 77 77 )
( 76 77 76 77 74 76 72 74 74 76 76 )
( 76 76 76 74 76 77 77 )
( 72 72 74 76 77 74 76 76 )
( 76 77 79 79 77 74 76 76 )
( 79 79 79 79 81 79 77 76 76 )
( 71 72 74 67 72 71 69 69 67 67 )
( 72 72 67 67 65 65 64 64 )
( 67 67 65 64 62 62 60 60 )
( 62 62 64 66 67 67 66 67 67 )
( 69 71 72 72 )
( 64 65 67 66 68 69 67 69 71 69 67 66 66 64 64 )
( 64 62 59 60 60 59 59 )
( 71 72 74 69 67 65 64 64 64 64 )
( 67 67 69 71 72 72 71 71 69 69 )
( 71 72 74 69 67 65 64 64 64 64 )
( 62 64 65 67 65 64 62 60 60 )
( 60 67 67 69 71 72 72 71 71 69 69 )
( 71 72 74 69 67 65 64 64 )
( 69 67 64 65 67 65 64 64 )
( 69 67 64 65 67 64 64 )
( 69 67 69 71 72 71 69 67 65 64 )
( 62 69 69 67 65 64 64 )
( 69 67 69 71 72 71 69 67 67 )
( 72 71 74 69 67 65 64 64 )
( 78 79 74 74 77 76 76 76 )
( 74 76 78 79 79 78 79 79 )
( 72 72 74 76 78 78 )
( 78 79 74 74 77 76 76 )
( 74 76 78 79 79 78 79 79 )
( 74 74 74 76 74 77 76 76 76 74 74 )
( 74 74 74 76 74 77 76 76 76 74 74 )
( 79 76 74 72 72 )
( 69 71 72 74 74 72 71 69 69 67 67 67 )
( 76 76 76 72 74 76 77 76 76 74 74 74 )
( 69 69 68 69 71 72 71 71 69 69 )
( 72 71 69 72 71 69 68 68 )
( 67 65 64 69 69 68 69 69 )
( 72 74 76 76 74 72 74 74 72 72 )
( 72 74 76 76 74 72 74 74 72 72 )
( 72 71 69 72 71 69 68 68 )
( 72 69 67 64 65 67 67 64 65 62 62 60 )
( 64 62 60 59 59 57 57 )
( 72 72 71 69 69 67 69 67 65 65 64 64 64 )
( 57 59 60 62 64 64 69 69 71 68 69 69 69 )
( 72 72 71 69 69 67 69 67 65 65 64 64 64 )
( 64 64 64 65 67 67 60 65 65 64 62 62 62 )
( 62 62 64 65 65 67 65 64 65 62 62 62 )
( 64 64 64 65 67 67 64 65 64 64 62 62 62 )
( 60 60 60 60 59 60 62 60 62 64 64 64 )
( 64 64 62 64 64 62 64 66 66 67 67 67 )
( 64 66 68 69 72 71 71 69 )
( 69 72 71 69 69 67 65 64 )
( 64 66 68 69 72 71 71 69 )
( 71 71 71 71 67 69 71 72 )
( 71 71 71 72 71 69 69 68 )
( 74 74 76 77 77 76 77 77 77 )
( 76 76 78 79 74 74 )
( 76 78 79 79 79 78 79 79 79 )
( 74 74 76 77 79 81 79 79 77 76 76 74 )
( 81 79 77 79 77 76 77 77 76 74 74 72 )
( 60 67 67 69 71 72 71 69 69 67 67 )
( 67 69 71 72 )
( 67 69 67 65 65 64 64 )
( 72 69 71 72 )
( 69 67 65 64 )
( 67 64 66 67 )
( 72 71 69 67 )
( 60 67 67 69 71 72 71 69 67 )
( 67 64 67 69 67 65 64 62 )
( 74 74 74 76 74 76 78 79 )
( 76 74 72 71 69 71 71 69 )
( 76 69 71 72 74 72 71 71 69 )
( 74 74 74 76 74 76 78 79 )
( 76 74 72 71 69 71 71 69 )
( 71 72 74 76 77 76 74 72 )
( 72 71 69 74 72 71 71 69 )
( 69 69 71 72 71 69 67 72 71 72 )
( 72 71 69 74 72 71 71 69 )
( 76 72 74 76 74 72 72 71 )
( 72 72 71 72 71 69 69 68 )
( 71 72 74 76 75 75 76 76 )
( 72 72 74 74 76 76 72 72 )
( 76 74 74 74 71 76 74 72 71 69 69 71 71 )
( 72 71 69 68 69 69 71 71 )
( 76 72 72 72 76 74 72 71 69 71 71 69 69 )
( 69 64 69 69 69 71 71 )
( 72 71 69 67 64 67 69 71 69 69 68 69 )
( 76 76 76 69 74 74 72 71 69 67 67 64 )
( 69 69 68 69 68 69 68 69 71 72 72 71 )
( 72 71 69 67 64 65 67 67 69 67 65 65 64 )
( 76 76 76 77 79 77 76 74 74 72 )
( 72 72 76 74 71 72 74 76 )
( 76 76 76 74 74 72 71 69 67 )
( 69 69 68 69 71 71 69 69 )
( 72 72 72 71 69 69 74 74 )
( 71 72 69 71 69 67 67 )
( 74 74 74 72 72 69 69 )
( 72 72 71 72 71 69 69 69 )
( 69 67 66 64 66 67 66 66 64 )
( 69 69 69 68 )
( 71 69 64 65 64 62 62 62 60 )
( 60 59 59 57 )
( 64 67 67 62 64 65 64 )
( 64 67 69 64 )
( 76 77 79 76 74 74 72 72 )
( 76 77 79 79 77 76 74 74 )
( 76 77 79 76 74 74 72 72 )
( 74 76 77 77 76 76 74 74 )
( 77 79 81 81 79 79 77 77 )
( 76 77 79 79 77 76 74 74 )
( 67 65 67 69 67 69 71 69 71 72 72 72 )
( 64 64 65 67 65 64 62 62 64 65 64 62 60 60 62 64 64 62 64 64 66 67 67 67 )
( 71 71 72 69 69 72 71 71 69 68 68 64 69 69 64 65 64 62 60 60 59 60 57 57 57 )
( 61 61 61 62 61 62 64 65 67 65 64 65 62 67 67 67 67 69 71 72 71 69 71 71 67 )
( 67 69 67 67 )
( 72 72 71 71 69 67 67 67 )
( 67 69 67 65 64 64 )
( 62 64 66 67 67 66 67 67 )
( 67 69 65 65 64 65 64 62 60 60 )
( 64 62 62 60 )
( 67 67 66 67 )
( 72 72 71 69 69 67 67 )
( 76 76 77 74 76 74 72 71 71 )
( 76 74 72 71 72 71 69 68 64 )
( 76 76 77 74 76 74 72 72 )
( 76 77 79 76 77 76 76 74 74 )
( 74 76 77 76 74 72 71 67 )
( 76 71 72 71 72 74 76 76 )
( 74 74 72 74 76 74 72 71 69 69 67 67 )
( 72 71 72 74 76 74 72 71 69 69 )
( 76 74 72 71 69 69 67 67 )
( 67 67 69 71 72 67 67 67 )
( 69 67 65 64 62 62 60 60 )
( 72 74 72 71 69 69 67 67 )
( 67 67 69 71 72 67 67 67 )
( 76 74 76 72 72 71 71 )
( 76 72 71 72 69 68 69 71 )
( 64 62 62 67 64 65 64 62 60 62 60 60 60 )
( 64 57 59 60 62 64 66 67 66 64 64 64 )
( 64 62 62 67 64 65 64 62 60 59 57 57 57 )
( 64 62 64 60 62 59 57 57 57 )
( 64 64 66 67 67 66 66 64 )
( 64 62 62 67 64 65 64 62 60 62 60 60 60 )
( 64 57 59 60 62 64 57 57 )
( 72 74 72 71 71 69 )
( 71 72 74 76 76 74 )
( 77 77 76 74 74 72 )
( 74 74 74 74 71 72 74 76 76 74 )
( 76 77 79 72 74 76 74 74 74 72 72 72 )
( 69 69 71 72 74 76 74 74 72 71 71 69 )
( 76 77 79 72 74 76 74 74 74 72 72 72 )
( 71 71 69 71 72 74 72 72 71 69 69 67 )
( 72 72 71 72 74 76 76 76 74 76 76 76 )
( 72 69 74 72 71 71 72 69 69 )
( 64 64 69 67 65 64 62 62 62 )
( 67 64 69 71 72 64 62 60 60 60 )
( 64 66 68 68 )
( 69 71 68 68 69 71 72 69 74 72 71 71 )
( 69 64 65 64 64 62 64 64 )
( 72 74 76 78 79 83 81 81 79 79 )
( 72 72 72 67 72 74 76 76 )
( 72 74 76 78 79 83 81 81 79 79 )
( 81 79 77 81 79 77 76 76 74 74 )
( 74 73 74 76 77 77 76 76 )
( 72 74 76 77 77 76 77 77 )
( 76 77 76 74 72 71 72 72 71 72 74 )
( 79 77 76 74 72 71 69 71 72 69 67 )
( 76 76 74 76 77 76 74 72 69 71 72 )
( 72 74 76 77 79 77 76 74 76 )
( 76 76 74 76 77 76 74 72 69 71 72 )
( 72 74 76 77 76 74 76 76 74 )
( 74 76 77 79 77 76 74 76 )
( 79 78 76 74 76 74 72 71 69 67 )
( 79 79 79 74 76 78 79 78 76 74 )
( 79 78 76 74 76 74 72 71 69 67 )
( 67 74 76 74 73 74 )
( 67 74 76 78 79 )
( 78 79 78 76 74 )
( 76 76 74 76 74 72 71 )
( 64 65 67 69 70 69 65 72 72 71 69 67 65 64 )
( 69 68 69 71 72 74 72 71 71 71 69 )
( 62 64 64 65 67 65 62 69 69 67 65 64 62 61 )
( 64 65 67 69 70 69 65 72 72 71 69 67 65 64 )
( 69 68 69 71 72 74 72 71 71 71 69 )
( 69 65 64 66 69 74 70 67 69 72 70 69 70 )
( 74 74 72 72 69 71 72 72 72 )
( 74 74 74 74 76 77 76 74 72 72 72 )
( 72 71 67 72 77 76 74 74 72 72 72 )
( 76 76 72 74 76 77 76 74 74 )
( 74 74 72 72 69 71 72 72 72 )
( 74 74 74 74 76 77 76 74 72 72 72 )
( 72 71 67 72 77 76 74 74 72 72 72 )
( 71 71 71 71 71 72 72 72 )
( 72 71 71 71 71 72 72 72 )
( 76 76 74 72 74 76 77 77 76 )
( 76 74 73 74 79 77 76 76 74 74 73 74 74 74 76 76 76 77 77 77 76 76 76 74 74 74 74 77 76 74 73 74 74 )
( 74 72 71 69 71 72 74 72 71 69 69 69 )
( 71 72 71 69 76 76 74 72 71 71 )
( 74 72 71 69 71 72 74 72 71 69 69 69 )
( 69 71 67 66 64 66 67 69 71 71 )
( 71 69 72 71 72 69 68 69 69 69 )
( 72 74 76 74 76 77 76 74 72 72 72 )
( 72 74 76 74 72 71 69 67 )
( 72 74 76 74 76 77 76 74 72 72 72 )
( 76 77 79 77 76 74 76 76 )
( 79 79 81 79 77 76 74 74 )
( 76 79 77 76 74 72 74 76 76 72 72 )
( 69 62 62 67 65 64 60 )
( 67 69 69 67 65 64 64 64 )
( 62 64 66 67 69 66 66 67 )
( 67 67 67 72 70 69 69 69 )
( 69 69 69 74 72 71 71 71 )
( 67 69 67 69 71 72 72 72 )
( 72 74 76 77 76 74 72 72 )
( 72 74 76 74 72 71 69 67 )
( 72 74 76 77 76 74 72 72 )
( 76 77 79 77 76 74 76 76 )
( 79 79 81 79 77 76 74 74 )
( 76 77 79 77 76 72 74 76 76 72 72 )
( 72 72 72 74 71 69 67 72 72 72 71 71 )
( 71 72 72 72 74 74 76 74 74 74 74 74 )
( 79 81 79 77 79 76 76 )
( 79 77 76 74 72 74 74 )
( 76 72 77 76 74 72 72 )
( 76 77 79 79 77 76 74 74 )
( 76 72 72 74 76 77 77 76 )
( 79 77 74 76 77 79 79 )
( 72 74 74 76 74 72 74 74 76 )
( 76 76 74 76 74 72 74 72 71 69 )
( 69 71 72 72 74 72 71 69 69 69 )
( 74 76 74 69 71 72 71 69 71 69 )
( 69 69 67 72 74 76 74 72 74 74 76 76 )
( 77 77 76 74 76 77 74 72 72 72 72 )
( 76 76 74 72 74 76 77 76 76 )
( 79 76 77 76 74 76 76 77 76 77 79 77 76 74 74 72 72 )
( 76 76 72 74 72 71 69 69 )
( 67 69 71 72 69 69 69 69 )
( 72 74 76 77 79 77 76 74 74 72 )
( 72 72 74 76 74 72 74 74 76 )
( 72 74 76 77 79 77 76 74 74 72 )
( 76 76 74 72 71 72 74 76 74 )
( 74 72 71 72 67 72 74 76 )
( 76 72 74 76 74 72 71 71 69 )
( 76 75 76 78 79 81 79 78 76 )
( 76 72 74 76 74 72 71 71 69 )
( 69 72 74 69 72 74 76 )
( 76 81 80 81 83 79 78 76 )
( 76 77 79 76 79 74 72 71 69 69 )
( 74 72 71 69 74 72 71 69 )
( 71 72 71 69 76 76 74 72 71 )
( 74 72 71 69 74 72 71 69 69 71 67 66 64 66 67 69 71 )
( 67 69 71 72 71 72 69 68 69 )
( 76 78 79 76 81 81 80 80 )
( 81 83 84 83 83 81 81 81 81 )
( 76 76 74 72 71 71 69 69 )
( 76 78 79 76 81 81 80 80 )
( 81 83 84 83 83 81 81 81 81 )
( 76 76 77 76 74 74 72 72 )
( 76 78 79 76 81 79 78 78 78 76 76 )
( 76 77 76 74 72 72 72 )
( 71 69 71 72 74 72 71 69 69 69 69 )
( 71 72 71 69 67 67 67 )
( 76 76 77 79 77 76 74 74 74 74 )
( 76 77 76 74 72 72 72 )
( 77 76 74 79 77 76 77 76 76 74 74 74 )
( 69 72 74 72 77 77 76 77 )
( 77 76 74 79 77 76 77 76 76 74 74 74 )
( 74 74 74 76 74 76 72 72 71 72 )
( 72 74 76 77 76 74 74 76 76 76 )
( 69 71 72 74 72 77 77 76 77 )
( 69 71 71 76 74 72 72 71 )
( 69 69 68 69 71 72 71 69 )
( 69 71 71 76 74 72 72 71 )
( 76 74 72 71 74 72 71 69 )
( 72 71 69 67 66 64 66 67 69 71 )
( 64 64 62 67 64 60 62 64 )
( 64 67 69 72 71 69 68 69 )
( 69 71 69 67 66 64 66 64 )
( 69 67 66 67 65 64 64 62 60 )
( 76 76 74 76 76 74 72 74 74 72 )
( 72 72 71 69 67 72 74 76 )
( 76 76 74 76 76 74 72 74 74 72 )
( 72 72 74 76 74 76 72 71 69 )
( 69 74 72 71 72 71 69 67 )
( 67 72 72 74 74 76 74 76 72 )
( 72 77 77 76 74 76 74 )
( 74 76 76 77 77 79 77 76 77 79 72 )
( 76 74 72 71 72 71 69 67 )
( 67 72 71 69 67 74 76 74 )
( 72 72 71 69 68 69 71 71 71 71 )
( 76 76 71 72 74 72 71 71 71 69 69 )
( 72 72 71 69 68 69 71 71 71 71 )
( 71 72 74 71 72 71 69 69 69 67 67 )
( 72 74 76 72 77 76 74 74 72 72 )
( 71 72 74 76 74 72 71 71 )
( 77 76 81 79 71 77 76 74 74 74 72 )
( 76 72 74 76 77 76 74 72 71 72 74 72 71 69 69 )
( 77 76 81 79 71 77 76 74 74 74 72 )
( 76 74 76 72 74 76 77 79 77 76 77 76 74 )
( 77 71 81 80 81 79 77 76 74 84 83 81 80 78 76 )
( 74 76 74 72 71 69 71 69 67 )
( 72 72 72 72 74 70 69 67 )
( 74 76 74 72 71 69 71 69 67 )
( 79 77 76 74 72 72 74 76 74 )
( 76 77 76 74 73 74 74 74 )
( 67 72 74 76 77 79 77 76 74 )
( 79 78 76 74 76 74 72 71 69 67 )
( 79 79 79 74 76 78 79 78 76 74 )
( 79 78 76 74 76 74 72 71 69 67 )
( 67 74 76 74 73 74 74 )
( 67 74 76 78 79 )
( 78 79 78 76 76 74 )
( 76 76 74 76 74 72 71 )
( 60 62 64 65 67 67 65 64 62 62 )
( 64 64 60 60 65 64 62 62 60 60 60 60 )
( 60 62 64 65 67 67 69 71 72 72 )
( 60 62 64 65 67 67 65 64 62 62 )
( 64 64 60 60 65 64 62 62 60 60 60 60 )
( 67 67 62 64 65 65 64 62 62 62 )
( 76 77 79 79 74 76 72 72 71 )
( 67 72 74 76 77 79 77 76 74 74 74 )
( 76 72 74 76 77 79 77 77 76 )
( 76 77 79 79 74 76 72 72 71 )
( 74 76 78 79 79 78 79 79 79 )
( 79 79 79 79 77 76 77 79 77 76 74 )
( 79 77 76 74 74 72 74 76 77 79 )
( 72 71 69 67 65 64 69 69 67 )
( 67 69 71 72 74 76 74 74 72 )
( 72 71 69 67 65 64 69 69 67 )
( 72 71 69 67 65 64 69 69 67 )
( 67 69 71 72 74 76 74 74 72 )
( 72 72 74 72 69 71 72 74 71 )
( 71 72 74 72 71 69 71 72 74 71 )
( 76 77 76 74 76 74 72 72 71 72 )
( 71 72 71 69 71 67 67 69 66 67 )
( 76 74 72 71 )
( 76 77 76 74 76 74 72 71 69 74 71 72 )
( 67 69 71 72 71 69 69 67 )
( 64 69 67 65 64 62 62 60 )
( 60 67 64 60 67 69 69 67 )
( 67 69 71 72 71 69 69 67 )
( 64 69 67 65 64 62 62 60 )
( 67 67 64 64 )
( 67 67 64 64 )
( 65 64 62 64 65 64 62 64 65 64 62 62 60 60 )
( 67 69 71 72 )
( 74 72 71 69 71 72 69 69 67 )
( 72 71 72 74 )
( 74 76 74 72 74 )
( 69 67 65 67 65 64 62 64 60 60 )
( 67 65 64 69 69 71 71 72 72 )
( 69 67 65 67 65 64 62 64 60 60 )
( 60 62 64 64 64 62 62 62 64 65 65 65 64 64 64 64 69 67 65 67 65 64 65 64 62 60 60 )
( 76 76 74 72 74 71 71 71 )
( 71 72 74 76 76 74 74 76 )
( 76 72 74 76 76 74 74 72 )
( 76 79 76 76 76 74 74 74 )
( 72 74 76 74 76 77 76 74 72 72 72 )
( 72 74 76 74 72 71 69 67 )
( 72 74 76 74 76 77 76 74 72 72 72 )
( 76 77 79 77 76 74 76 76 )
( 79 79 81 79 77 76 74 74 )
( 76 79 77 76 74 72 74 76 76 72 72 )
( 76 78 79 76 81 81 80 80 )
( 81 83 84 83 83 81 81 81 81 )
( 76 76 74 72 71 71 69 69 )
( 76 78 79 76 81 81 80 80 )
( 81 83 84 83 83 81 81 81 81 )
( 76 76 77 76 74 74 72 72 )
( 76 78 79 76 81 79 78 78 76 76 )
( 72 71 69 67 65 64 62 64 )
( 64 62 64 66 67 69 67 66 67 )
( 67 69 71 72 71 69 69 67 )
( 67 65 64 69 67 65 64 62 )
( 72 71 69 71 72 74 71 71 69 )
( 72 72 71 69 71 72 74 76 74 74 72 )
( 72 71 69 71 72 74 71 71 69 )
( 74 76 76 71 72 74 72 72 71 )
( 72 74 69 71 72 71 69 69 67 )
( 71 72 72 71 69 71 69 69 69 )
( 64 69 67 65 64 62 62 64 )
( 71 72 72 71 69 71 69 69 69 )
( 72 71 69 67 69 71 72 72 72 )
( 67 69 67 65 64 65 64 64 64 )
( 72 71 72 74 72 71 69 69 71 )
( 72 71 69 71 72 74 76 76 76 76 )
( 69 64 69 71 72 74 71 71 69 69 )
( 72 71 69 71 72 74 76 76 76 76 )
( 76 77 79 72 77 76 74 74 72 72 )
( 76 77 79 81 79 77 76 74 72 )
( 72 77 76 77 79 74 72 71 69 67 )
( 67 74 74 74 76 77 76 74 72 74 76 74 74 )
( 76 77 79 79 74 76 74 72 72 71 )
( 67 72 74 76 77 79 77 76 74 74 )
( 76 72 74 76 77 79 77 77 76 )
( 76 77 79 79 74 76 72 72 71 )
( 67 65 64 62 60 62 64 66 67 69 67 )
( 67 67 67 67 69 70 69 67 65 )
( 67 65 64 62 60 62 64 66 67 69 67 )
( 67 72 71 69 71 72 71 69 67 )
( 67 72 67 69 64 65 67 65 64 )
( 69 62 62 67 65 64 62 60 )
( 67 69 69 67 65 64 64 64 )
( 62 64 66 67 69 71 72 71 69 67 67 )
( 67 67 67 72 70 69 69 69 )
( 69 69 69 74 72 71 71 71 )
( 67 69 67 69 71 72 72 72 )
( 64 64 62 67 64 60 62 64 )
( 64 67 69 71 72 71 69 68 69 )
( 69 71 69 67 66 64 66 64 )
( 69 67 66 67 64 64 62 60 )
( 81 79 77 76 77 74 74 72 )
( 67 72 74 76 77 79 77 76 )
( 81 79 77 76 77 74 74 72 )
( 79 81 81 74 )
( 74 79 79 72 )
( 76 74 72 71 72 69 69 67 )
( 69 71 71 76 74 72 72 71 )
( 69 69 68 69 71 72 71 69 )
( 69 71 71 76 74 72 72 71 )
( 76 74 72 71 72 74 72 71 69 )
( 72 71 69 67 66 64 66 67 69 69 71 )
( 67 69 70 72 74 72 77 76 74 )
( 74 79 81 79 74 76 74 72 )
( 76 76 76 76 76 76 74 72 74 74 72 72 72 )
( 72 72 72 71 69 69 67 72 74 74 76 76 )
( 76 76 76 76 76 76 74 72 74 74 72 72 72 )
( 72 72 74 76 74 74 76 72 71 69 71 69 69 )
( 69 74 72 71 72 69 69 67 67 )
( 67 72 72 72 74 76 77 76 74 76 72 72 )
( 72 77 77 77 76 74 76 74 74 )
( 74 76 76 76 77 77 77 79 77 76 74 72 72 )
( 76 74 72 71 72 69 69 67 67 )
( 67 72 72 71 69 69 67 74 76 74 74 74 )
( 72 72 71 69 68 69 71 71 )
( 76 76 71 72 74 72 71 71 69 )
( 72 72 71 69 68 69 71 71 )
( 71 72 74 71 72 71 69 69 67 )
( 72 74 76 76 77 76 74 74 72 )
( 76 76 74 76 72 74 76 76 )
( 79 79 76 79 77 79 81 83 84 84 84 )
( 79 79 79 79 79 79 78 78 79 79 79 )
( 79 79 76 79 77 79 81 83 84 84 84 )
( 79 77 79 81 79 81 83 84 84 84 )
( 72 72 72 72 72 72 72 74 76 74 76 77 79 79 79 )
( 76 77 76 74 72 72 74 76 77 79 77 76 77 79 81 77 79 81 81 81 )
( 74 74 72 72 71 69 71 72 69 69 67 67 )
( 67 67 69 69 67 65 64 64 64 )
( 67 67 65 65 64 62 64 65 62 62 60 60 )
( 67 67 69 69 71 71 72 74 72 72 )
( 72 71 69 76 74 76 69 71 73 74 )
( 72 71 76 74 72 71 71 71 )
( 69 71 72 72 74 74 76 76 72 )
( 72 71 69 71 72 74 72 71 71 69 )
( 72 72 69 71 72 74 76 74 74 72 )
( 72 71 69 71 72 74 72 71 71 69 )
( 74 76 76 71 72 74 72 72 71 )
( 72 74 69 71 72 71 69 69 67 )
( 64 65 65 69 67 67 65 64 64 64 62 62 )
( 62 64 64 62 60 60 57 60 60 60 62 62 )
( 64 65 65 69 67 67 65 64 64 64 62 62 )
( 67 67 67 67 69 69 67 65 64 62 60 60 )
( 60 65 65 64 65 65 67 69 69 67 65 64 62 61 61 )
( 64 65 62 64 62 60 60 60 )
( 60 60 62 64 62 60 59 59 57 )
( 64 65 62 64 62 60 60 60 )
( 60 62 64 64 65 65 67 67 62 )
( 67 64 64 62 60 59 59 57 )
( 76 76 74 72 74 71 71 71 )
( 71 72 74 76 76 74 74 76 )
( 76 72 74 76 76 74 74 72 )
( 76 79 76 76 76 74 74 74 )
( 67 69 71 72 71 69 72 71 69 67 )
( 64 69 67 65 64 62 62 60 )
( 60 67 64 62 60 67 69 71 72 69 67 )
( 67 69 71 72 71 69 72 71 69 67 )
( 64 69 67 65 64 62 62 60 )
( 67 67 64 64 )
( 67 67 64 64 )
( 64 64 62 62 64 64 62 64 65 64 62 62 60 60 )
( 67 65 64 62 60 62 64 66 67 )
( 69 67 65 64 65 62 62 60 )
( 60 60 62 64 62 60 64 66 67 )
( 67 65 64 62 60 62 64 66 67 )
( 69 67 65 64 65 62 62 60 )
( 72 72 72 71 67 69 69 64 )
( 72 72 72 71 67 69 69 67 )
( 64 65 67 69 67 64 65 65 64 )
( 62 64 65 67 67 65 64 62 )
( 67 69 71 72 71 69 69 67 )
( 69 68 69 71 72 74 72 71 71 )
( 69 71 72 71 69 69 67 65 64 64 )
( 62 61 62 64 65 67 65 64 64 )
( 69 69 69 67 65 64 62 62 )
( 67 69 71 72 74 76 74 72 71 71 )
( 69 71 72 71 69 69 67 65 64 64 )
( 74 76 78 79 78 76 76 76 74 )
( 67 69 71 72 74 74 72 71 69 )
( 74 76 78 79 78 76 76 76 74 )
( 74 79 78 76 76 74 72 71 69 69 )
( 64 62 64 62 62 60 60 60 )
( 67 64 67 69 67 65 65 64 )
( 64 62 64 62 62 60 60 60 )
( 62 62 64 65 67 65 64 64 62 )
( 62 64 66 67 69 67 66 67 67 67 )
( 67 64 67 69 67 65 65 64 )
( 74 67 67 72 70 69 67 65 )
( 72 74 74 72 70 69 69 )
( 67 69 71 72 74 76 77 76 74 72 )
( 72 72 72 77 75 74 74 74 )
( 74 74 74 79 77 76 76 76 )
( 72 74 72 74 76 77 77 )
( 76 76 74 76 77 76 74 72 74 74 72 )
( 72 74 76 77 79 77 76 74 76 )
( 76 76 74 76 77 76 74 72 74 74 72 72 74 76 77 76 74 76 76 74 )
( 74 76 77 79 77 76 74 76 )
( 69 69 67 65 64 69 67 65 64 65 )
( 69 71 73 74 69 71 72 71 69 )
( 71 72 71 69 69 67 65 64 65 )
( 67 67 69 67 65 64 65 65 64 )
( 76 77 79 72 74 76 74 74 72 )
( 76 76 81 79 77 76 77 76 76 76 )
( 76 77 79 72 74 76 74 74 72 )
( 74 74 76 77 81 79 77 76 76 76 )
( 76 74 79 81 83 81 79 78 79 79 79 )
( 81 81 81 81 81 81 79 79 79 79 79 79 77 77 77 77 76 77 )
( 76 81 77 74 76 76 )
( 77 76 74 72 71 69 71 72 74 74 72 72 72 )
( 72 71 72 74 74 72 74 76 )
( 77 76 74 72 71 69 71 72 74 74 72 72 72 )
( 72 74 76 77 76 74 72 74 72 71 69 )
( 71 67 67 74 76 77 76 74 72 )
( 77 76 74 72 71 72 74 74 72 72 )
( 72 71 72 74 74 72 74 76 76 )
( 77 76 74 72 71 72 74 74 72 72 )
( 72 74 76 77 76 74 72 74 72 71 69 69 )
( 71 67 67 74 76 77 76 74 72 72 )
( 67 69 67 67 )
( 72 72 71 71 69 67 67 67 )
( 67 69 67 65 64 64 )
( 62 64 66 67 67 66 67 67 )
( 67 69 65 65 64 65 64 62 60 60 )
( 64 62 62 60 )
( 67 67 66 67 )
( 72 72 71 69 69 67 67 )
( 69 72 71 69 )
( 76 74 72 71 )
( 71 72 72 74 74 76 76 74 72 71 71 69 )
( 76 74 72 71 )
( 76 74 72 71 )
( 76 77 79 79 76 77 79 77 77 76 )
( 76 77 76 74 72 74 76 76 74 72 )
( 76 77 79 79 76 79 77 77 76 )
( 76 77 76 74 72 74 76 76 72 )
( 74 76 76 69 71 72 71 69 67 )
( 74 72 71 71 69 69 67 76 72 69 74 74 71 67 72 72 74 74 76 65 67 67 69 62 64 65 67 64 )
( 72 74 76 76 74 72 70 69 71 72 74 76 )
( 74 72 71 71 69 69 67 76 72 69 74 74 71 67 72 72 74 74 76 65 67 67 69 62 64 65 67 64 )
( 76 78 79 76 81 81 80 80 )
( 81 84 83 83 81 81 81 81 )
( 76 76 74 72 71 71 69 69 )
( 76 78 79 76 81 81 80 80 )
( 81 84 83 83 81 81 81 81 )
( 76 76 77 76 74 74 72 72 )
( 76 78 79 76 81 79 78 78 78 76 76 )
( 72 69 72 71 69 71 69 69 69 )
( 71 72 71 72 69 67 65 67 64 62 62 )
( 69 67 65 64 62 60 60 )
( 69 65 72 69 67 65 67 69 )
( 76 76 74 76 77 76 74 72 74 72 )
( 72 74 76 77 79 77 76 74 76 )
( 76 76 74 76 77 76 74 72 74 72 )
( 72 74 76 77 76 74 76 74 )
( 74 76 77 79 77 76 74 76 )
( 79 77 76 74 72 74 76 78 79 81 79 )
( 79 79 79 79 81 82 81 79 77 )
( 79 77 76 74 72 74 76 78 79 81 79 )
( 79 84 83 81 83 84 83 81 79 )
( 79 84 79 81 76 77 79 77 76 )
( 76 77 76 74 76 77 74 74 72 )
( 79 79 79 81 81 79 79 79 )
( 76 77 76 74 76 77 74 74 72 )
( 74 74 74 76 76 74 74 74 )
( 74 76 78 79 79 78 79 79 79 )
( 79 81 79 77 76 77 77 77 )
( 76 81 74 72 71 76 72 71 69 76 76 76 )
( 76 74 72 81 79 77 76 74 72 84 83 84 83 81 80 81 83 79 79 72 71 69 67 77 76 84 81 77 74 79 76 )
( 79 79 74 76 79 83 74 72 76 81 79 81 78 79 )
( 67 69 69 71 71 64 64 64 )
( 64 69 71 72 74 72 71 69 67 )
( 67 69 69 71 71 64 64 64 )
( 76 74 72 72 71 72 72 72 )
( 71 72 74 76 76 74 72 71 )
( 71 72 71 69 69 71 69 67 )
( 81 79 77 76 77 74 74 72 )
( 67 72 74 76 77 79 77 76 )
( 81 79 77 76 77 74 74 72 )
( 79 81 81 74 )
( 74 79 79 72 )
( 76 74 72 71 72 69 69 67 )
( 76 76 76 76 74 74 76 77 76 76 74 74 )
( 72 74 74 76 74 74 72 69 71 71 72 72 )
( 67 65 64 62 60 62 64 66 67 69 69 67 )
( 67 67 67 67 69 70 69 67 65 )
( 67 65 64 62 60 62 64 66 67 69 69 67 )
( 67 72 71 69 71 72 71 69 67 )
( 67 72 67 69 64 65 67 65 64 )
( 72 71 69 71 72 74 72 71 71 69 )
( 72 72 69 71 72 74 76 74 74 72 )
( 72 71 69 71 72 74 72 71 71 69 )
( 74 76 76 71 72 74 72 72 71 )
( 72 74 69 71 72 71 69 69 67 )
( 69 71 72 67 65 64 65 64 62 60 )
( 67 65 64 69 71 72 72 71 71 )
( 69 71 72 67 65 64 65 64 62 60 )
( 64 66 68 69 71 72 71 69 69 )
( 67 67 65 64 69 69 68 69 69 69 )
( 64 69 71 72 71 69 71 68 66 64 )
( 67 67 65 64 69 69 68 69 69 69 )
( 71 72 74 76 76 74 74 72 )
( 67 66 64 64 63 64 64 64 )
( 57 59 60 59 60 62 64 64 64 )
( 67 66 64 64 63 64 64 64 )
( 64 66 67 69 67 66 67 65 64 )
( 64 62 60 60 59 60 60 60 )
( 64 62 60 62 64 62 60 60 59 )
( 74 76 74 72 71 69 71 69 67 )
( 67 72 72 72 74 71 69 67 )
( 74 76 74 72 71 69 71 69 67 )
( 79 77 76 74 72 72 74 76 74 )
( 76 77 76 74 73 74 74 74 )
( 67 72 74 76 77 79 77 76 74 )
( 74 76 78 79 79 81 78 79 79 79 )
( 79 79 79 79 77 76 77 79 77 76 74 )
( 79 77 76 74 74 76 72 74 76 77 79 )
( 64 65 65 64 62 62 62 62 62 62 60 60 60 )
( 60 60 62 64 66 67 67 67 66 67 67 )
( 64 65 65 64 62 62 62 62 62 62 60 60 60 )
( 62 62 64 65 65 65 64 62 64 62 62 62 )
( 64 64 64 65 67 69 69 69 68 69 69 )
( 71 72 64 64 65 65 64 62 62 )
( 71 72 72 71 72 74 71 69 69 69 )
( 64 69 67 65 64 62 62 64 )
( 71 72 72 71 72 74 71 69 69 69 )
( 72 71 69 67 69 71 72 72 72 )
( 67 69 67 65 64 65 64 64 64 )
( 72 71 72 74 72 71 69 69 71 )
( 79 79 81 81 74 79 77 76 76 )
( 72 74 76 74 72 71 69 69 69 )
( 76 77 79 76 77 76 74 74 72 )
( 76 76 81 81 74 74 )
( 76 77 79 79 77 76 74 74 )
( 81 79 77 76 74 76 77 76 74 72 72 )
( 67 72 74 76 77 79 81 79 77 76 76 )
( 81 79 77 76 74 76 77 76 74 72 72 )
( 79 81 81 74 )
( 74 79 79 72 76 74 72 )
( 67 79 79 78 79 )
( 74 76 76 78 79 79 79 78 79 79 )
( 76 77 79 79 72 77 76 74 79 79 )
( 76 76 77 79 79 81 74 76 77 79 76 76 )
( 72 74 76 78 79 74 79 79 78 76 78 81 79 76 76 )
( 77 76 74 79 77 76 76 76 74 )
( 69 70 72 74 72 77 77 76 77 )
( 77 76 74 79 77 76 76 76 74 )
( 74 74 74 76 77 76 74 72 72 71 72 )
( 72 74 76 77 76 74 74 76 )
( 69 70 72 74 72 77 77 76 77 )
( 76 77 79 76 74 74 72 72 )
( 76 77 79 79 77 76 74 74 )
( 76 77 79 76 74 74 72 72 )
( 74 76 77 77 76 74 74 74 )
( 77 79 81 81 79 79 77 77 77 )
( 76 77 79 72 77 76 74 74 )
( 76 77 79 79 76 77 79 77 77 76 )
( 76 77 76 74 72 74 76 76 72 )
( 76 77 79 79 76 77 79 77 77 76 )
( 76 77 76 74 72 74 76 76 72 )
( 74 76 76 69 71 72 71 69 67 )
( 74 72 71 72 71 69 67 65 64 )
( 71 72 71 69 71 72 74 76 74 72 71 71 )
( 74 72 71 72 71 69 67 65 64 )
( 67 65 64 62 64 62 60 62 62 64 )
( 71 72 71 69 67 69 71 72 74 71 )
( 76 74 72 71 72 74 69 67 65 64 )
( 62 67 69 71 72 74 72 71 69 )
( 76 76 74 76 77 76 74 72 74 74 72 )
( 72 74 76 77 79 77 76 74 76 )
( 76 76 74 76 77 76 74 72 74 74 72 72 74 76 77 76 74 76 76 74 )
( 74 76 77 79 77 76 74 76 )
( 76 77 79 79 74 76 72 72 71 )
( 67 72 74 76 76 74 74 74 74 )
( 76 72 74 76 77 79 77 77 76 )
( 76 79 79 74 76 72 72 71 )
( 64 66 67 64 69 69 68 68 )
( 69 71 72 71 71 69 69 69 69 )
( 64 64 62 60 59 59 57 57 )
( 64 66 67 64 69 69 68 68 )
( 69 71 72 71 71 69 69 69 69 )
( 64 64 65 64 62 62 60 60 )
( 64 66 67 66 64 69 67 66 66 66 64 64 )
( 79 81 77 77 )
( 76 77 79 74 74 )
( 79 79 77 76 74 74 72 72 72 )
( 77 77 76 77 74 79 79 78 79 79 )
( 79 81 77 77 )
( 76 77 79 74 74 )
( 76 76 79 79 74 74 74 69 72 72 71 71 69 69 69 69 )
( 76 76 79 79 76 76 76 76 77 77 76 76 74 74 74 74 72 72 72 72 )
( 76 74 72 71 69 67 69 71 72 74 74 74 72 71 71 69 69 )
( 72 67 69 71 72 74 76 74 72 72 71 72 72 )
( 76 74 72 71 69 67 69 71 72 74 74 74 72 71 71 69 69 )
( 76 77 74 76 72 74 76 69 )
( 76 77 74 76 72 74 76 69 69 )
( 72 71 69 67 69 65 65 64 69 67 72 72 71 72 )
( 69 71 72 71 69 )
( 76 74 72 71 )
( 71 72 72 74 74 76 76 74 72 71 71 69 )
( 76 74 72 71 71 )
( 76 74 72 71 )
( 76 77 76 74 76 74 74 72 )
( 72 72 74 76 78 79 79 78 79 )
( 76 77 76 74 76 74 74 72 )
( 74 74 76 77 77 76 74 76 74 )
( 76 76 76 77 79 81 81 80 81 )
( 83 84 76 77 76 74 74 74 )
( 72 74 76 77 79 77 76 74 72 74 72 )
( 72 72 74 76 74 72 74 74 76 )
( 72 74 76 77 79 77 76 74 72 74 72 )
( 76 76 74 72 71 72 74 76 74 )
( 74 72 71 72 67 72 74 76 )
( 76 77 79 79 74 76 74 72 72 71 )
( 67 72 74 76 77 79 77 76 74 74 74 )
( 76 72 74 76 77 79 77 77 76 )
( 76 77 79 79 74 76 72 72 71 )
( 67 69 69 71 69 71 64 64 64 )
( 64 69 71 72 74 71 69 67 )
( 67 69 69 71 69 71 64 64 64 )
( 76 74 72 72 71 72 72 72 )
( 71 72 74 76 76 74 72 71 )
( 71 72 74 72 71 69 69 69 71 72 71 69 67 )
( 76 77 79 77 76 74 74 72 72 )
( 76 77 79 79 77 76 74 74 )
( 76 77 79 77 76 74 74 72 72 )
( 74 76 77 77 76 76 74 74 )
( 77 79 81 81 79 79 77 77 )
( 76 77 79 79 77 76 74 74 )
( 76 77 79 79 74 76 74 72 72 71 )
( 67 72 74 76 74 76 77 74 74 )
( 76 74 72 74 76 77 79 77 77 76 )
( 76 77 79 79 74 76 74 72 72 71 )
( 71 72 72 71 69 71 69 69 69 )
( 64 69 67 65 64 62 62 64 )
( 71 72 72 71 69 71 69 69 69 )
( 72 71 69 67 69 71 72 72 72 )
( 67 69 67 65 65 64 64 64 )
( 72 71 72 74 72 71 69 69 71 )
( 72 72 71 69 68 69 71 71 )
( 76 76 71 72 74 72 71 71 69 )
( 72 72 71 69 68 69 71 71 )
( 71 72 74 72 71 72 71 69 69 67 )
( 72 74 76 74 72 77 76 74 72 )
( 71 72 74 76 74 72 71 71 )
( 69 71 72 71 72 74 76 74 72 71 )
( 72 71 69 69 74 72 71 72 69 69 67 )
( 67 72 71 72 74 76 74 72 71 )
( 69 71 72 71 72 74 76 74 72 71 )
( 76 74 72 74 76 74 72 71 69 71 69 )
( 76 75 76 78 79 81 79 78 76 )
( 76 74 72 74 76 74 72 71 69 71 69 )
( 69 71 72 74 69 71 72 74 76 )
( 76 81 79 81 83 81 79 78 76 )
( 78 79 77 76 77 79 74 72 71 69 69 )
